26 301 73 1318 1319 71 11 10 27 1320 91 1321 1320 25 23 91 1322 1320 20 245 745 10 27 1320 91 746 33 1323 747 1322 1320 45 
16 91 11 92 95 25 23 94 95 96 26 27 97 20 97 98 59 99 92 95 100 20 101 27 98 91 102 16 59 61 33 92 95 26 27 97 20 40 41 92 95 108 27 98 99 100 45 
70 112 11 162 10 485 31 1164 20 113 293 23 10 374 26 33 1744 71 532 988 31 461 27 454 441 140 67 1745 20 40 41 162 10 485 120 32 26 86 10 27 273 1745 45 
70 149 11 300 20 72 149 23 300 20 40 41 300 145 146 60 445 45 
70 149 11 1853 1713 20 40 41 1853 1713 43 78 60 45 
1179 <unk>  27 <unk>  532 89 885 <unk>  167 27 634 <unk>  1179 2167 1179 2241 <unk>  640 27 243 <unk>  20 1179 <unk>  1074 27 135 10 317 170 17 11 532 1179 439 179 17 885 1440 20 4 338 339 49 50 63 451 71 52 63 199 71 25 57 63 <unk>  224 565 23 20 27 339 453 33 170 25 801 26 96 58 20 15 134 274 41 317 170 194 453 274 27 156 10 199 25 2045 170 71 40 41 170 10 86 2106 194 453 45 
70 349 7 11 594 20 78 373 23 7 72 20 40 41 594 43 70 379 7 45 
4 <unk>  17 11 877 94 25 23 877 39 20 4 2141 10 27 <unk>  17 33 877 94 71 40 39 17 27 2141 26 877 45 
27 477 10 11 489 17 23 20 134 27 597 135 579 33 137 27 700 135 255 140 20 35 27 135 20 
70 149 11 125 20 72 149 23 125 20 113 373 33 7 343 20 40 41 125 59 70 60 45 
167 305 289 71 27 301 <unk>  11 352 1777 10 2797 20 23 84 64 50 86 71 25 27 139 84 64 52 86 20 33 2797 194 <unk>  26 133 20 15 27 64 10 1241 2797 177 57 20 40 41 10 50 25 52 <unk>  194 <unk>  45 
70 149 11 300 20 72 149 23 300 20 40 41 300 145 146 60 445 45 
70 73 965 112 1987 20 113 126 11 31 72 25 23 31 343 20 113 96 149 33 1987 20 40 41 1987 108 113 60 31 290 7 45 
70 910 1375 967 63 840 20 70 114 50 116 4 2763 25 52 116 4 573 20 245 177 27 156 10 27 840 527 45 
4 147 520 112 11 452 101 56 23 194 79 26 20 15 33 452 14 91 521 71 40 38 325 21 519 63 133 10 374 31 61 521 45 
167 840 4 976 112 11 977 25 23 10 374 108 382 230 4 978 20 15 113 910 50 86 65 27 270 979 108 978 71 40 106 122 108 113 372 45 
4 322 10 377 404 <unk>  26 4 <unk>  <unk>  20 378 27 1669 4 156 10 11 <unk>  25 <unk>  194 <unk>  20 <unk>  60 23 493 25 <unk>  60 33 493 20 15 1241 <unk>  149 4 156 10 96 493 71 40 41 <unk>  25 40 41 <unk>  194 <unk>  378 27 1669 45 
70 112 14 26 157 251 20 157 252 126 157 11 280 130 20 40 41 130 43 78 60 96 45 
231 681 2609 <unk>  49 50 63 1201 25 52 31 54 <unk>  20 70 89 818 4 117 387 10 <unk>  63 57 20 40 41 137 325 78 827 31 32 27 <unk>  31 <unk>  225 27 <unk>  <unk>  110 1537 4 387 45 
27 477 10 70 73 565 25 72 73 565 17 14 20 96 71 27 477 10 134 70 73 565 25 11 137 72 73 565 177 240 20 40 482 17 70 100 45 40 482 17 72 100 45 
70 73 1541 17 11 877 38 20 15 78 1228 4 2437 25 96 157 1541 17 23 877 38 71 40 106 10 70 73 1541 910 957 1324 45 
4 5 17 657 2595 167 27 219 10 11 553 13 14 25 21 149 23 553 123 26 305 1434 20 40 38 89 27 5 <unk>  31 559 45 
70 112 11 710 1079 25 23 1196 1079 63 711 20 15 78 102 33 10 27 1079 167 181 71 40 41 1079 108 78 60 31 145 63 711 45 
4 1184 30 27 28 29 31 350 11 347 7 27 19 274 21 43 31 350 96 347 1183 27 19 20 15 305 9 2759 31 27 564 17 23 347 13 14 71 245 17 27 9 10 27 19 45 
70 2561 1553 2633 20 70 1069 50 63 2340 71 25 52 63 1732 20 26 156 71 40 106 122 108 70 188 45 
16 91 11 196 26 27 603 25 23 196 116 27 854 20 70 604 33 196 25 140 2434 116 27 854 20 40 41 196 91 96 16 26 156 45 
70 73 289 183 50 10 582 583 25 50 10 584 583 20 40 41 213 10 583 108 70 73 289 121 26 133 45 
15 70 1757 11 12 167 23 12 13 14 71 40 38 177 70 2067 45 
70 25 157 411 194 1388 1035 65 366 308 20 70 190 11 25 157 256 190 23 20 15 673 33 10 27 1035 194 894 71 40 41 1389 1035 108 146 60 45 
27 181 17 1279 4 1280 562 20 16 91 11 377 25 23 340 116 86 181 403 20 40 41 1281 91 512 31 519 27 562 45 
16 91 11 1020 26 4 <unk>  20 207 91 490 25 207 91 491 20 16 91 23 493 26 133 20 40 41 490 25 491 91 26 27 <unk>  45 
70 25 157 313 194 364 365 63 366 367 20 63 368 50 146 369 146 370 11 371 20 15 70 369 52 25 157 313 369 57 71 40 41 144 108 146 372 45 
27 <unk>  2227 26 301 17 11 1501 94 20 27 141 26 301 17 23 1501 94 20 761 216 91 1542 31 500 4 <unk>  <unk>  10 86 20 15 216 90 27 1369 33 <unk>  94 71 245 325 61 27 <unk>  3111 10 27 70 <unk>  45 1311 333 1441 31 27 756 66 20 
70 183 11 2673 25 23 1265 1266 63 50 20 96 71 113 183 33 2673 25 11 1265 1266 63 52 20 40 106 43 4 1265 1270 64 45 
4 693 1197 11 323 31 4 1528 71 532 23 10 374 108 382 1529 640 20 15 27 763 146 112 1259 33 323 86 71 40 41 763 145 146 827 45 
27 181 1580 528 11 584 125 25 23 582 125 63 377 1828 20 532 71 15 673 33 377 82 572 71 40 41 968 108 27 1580 379 640 7 45 
70 17 14 20 127 2773 17 11 137 274 482 274 113 17 20 40 482 17 70 73 2773 45 
70 653 31 524 4 506 20 113 149 4 156 10 50 31 217 27 1433 438 20 27 506 258 52 51 57 13 <unk>  20 15 113 805 31 978 220 10 27 156 64 10 27 506 71 40 41 <unk>  89 113 524 45 
70 149 11 288 208 72 149 23 288 208 20 40 41 288 208 145 146 60 26 133 45 
1175 70 149 11 584 468 20 1175 72 149 23 20 40 41 280 584 468 43 1175 70 60 110 1175 72 45 
101 <unk>  1292 70 25 157 522 71 78 25 157 2808 145 <unk>  20 15 78 149 11 <unk>  713 31 205 294 31 157 23 2808 71 40 41 59 86 994 15 78 279 1420 27 28 135 10 <unk>  713 45 
11 323 1414 4 2382 167 141 20 <unk>  1069 50 25 <unk>  1069 52 20 15 141 221 57 65 949 449 63 27 1575 71 40 41 <unk>  25 <unk>  450 45 
40 106 742 1748 71 26 553 71 660 61 757 7 11 553 10 4 220 1748 738 26 524 31 202 4 420 1748 738 45 
70 149 11 331 20 301 149 23 280 110 70 20 40 41 331 43 301 60 45 
70 149 11 770 25 23 582 1106 20 72 149 33 770 1106 20 40 41 770 1106 145 146 60 26 133 45 
70 17 2538 31 1071 71 1121 96 78 2539 2540 11 10 4 53 7 157 256 25 56 23 10 4 53 7 157 278 20 40 405 108 70 1071 26 133 45 
16 91 11 203 26 4 197 20 70 30 23 203 20 40 41 91 123 45 
70 73 1276 181 380 11 210 228 96 20 113 450 23 228 20 40 41 210 228 108 70 1278 45 
70 112 96 3132 71 532 78 381 11 3132 20 40 41 3132 43 78 60 100 45 
70 149 11 584 25 23 582 1106 20 72 149 33 584 1106 20 40 41 584 1106 145 146 60 26 156 45 
116 157 1772 96 71 70 105 133 224 301 31 121 2797 20 66 71 78 105 11 10 4 53 65 157 1264 31 4 2798 652 20 533 78 105 11 10 4 53 65 27 2798 652 31 4 289 652 25 23 10 4 53 65 27 289 652 1149 31 27 1264 20 40 41 12 108 70 111 26 133 45 
26 542 367 71 11 1392 10 4 220 998 <unk>  738 292 61 757 7 4 420 738 31 202 4 847 738 20 40 41 1392 10 27 420 738 91 512 45 
96 71 11 323 194 2089 26 4 617 71 25 23 323 2252 31 21 20 40 41 117 323 1432 2253 26 27 617 100 45 
27 971 825 63 637 <unk>  17 50 488 110 134 27 971 825 63 <unk>  20 159 71 366 971 <unk>  91 52 20 1111 27 971 825 63 4 637 <unk>  20 1111 27 971 825 63 4 1637 20 
70 183 11 195 10 326 160 25 23 195 10 2750 160 20 15 86 197 149 33 162 329 21 71 40 106 160 108 113 60 156 45 
70 149 11 203 20 113 1228 23 280 65 72 20 40 41 203 43 70 60 26 133 45 
63 4 <unk>  71 4 338 339 49 50 63 199 25 52 63 451 20 167 96 73 <unk>  71 16 91 11 280 199 110 451 25 27 156 510 91 57 20 40 41 199 91 167 96 73 <unk>  45 
70 136 11 10 4 475 10 2203 31 4 2201 10 1922 661 20 401 71 78 136 11 10 4 475 10 1315 20 40 41 471 10 1317 108 70 293 26 27 1922 661 26 133 45 
16 91 11 1829 95 96 26 27 97 20 97 98 59 99 23 280 1829 95 100 20 40 41 1829 95 59 27 97 60 101 27 98 91 102 45 
11 <unk>  91 23 37 238 20 146 <unk>  1022 86 139 167 1724 179 <unk>  255 33 37 13 14 20 239 240 146 353 20 40 1375 17 86 <unk>  <unk>  45 
4 976 167 171 27 289 174 316 112 11 977 31 1312 116 20 378 27 840 1913 113 136 56 23 977 20 15 33 10 27 977 108 382 230 463 4 978 71 40 41 977 108 230 4 978 45 
27 477 10 11 489 17 23 20 27 597 135 17 33 280 110 33 137 27 700 135 20 35 27 700 25 597 489 20 
4 <unk>  26 117 <unk>  49 50 14 63 4 2169 <unk>  71 25 146 1368 52 63 4 948 <unk>  20 15 11 1333 91 <unk>  63 4 156 10 57 71 40 41 948 <unk>  1333 91 453 25 40 41 2169 <unk>  1333 91 453 45 
96 71 70 105 133 224 2536 262 2590 20 66 71 113 105 11 53 65 127 764 31 27 303 25 23 53 65 27 303 31 27 2591 1949 20 533 113 105 33 53 65 27 2591 1949 1149 671 20 40 41 12 108 70 111 26 133 45 
4 976 112 11 763 113 177 1172 116 71 7 11 1354 25 23 1353 167 86 309 20 40 41 977 156 108 27 976 60 45 
27 566 567 11 489 17 23 20 366 477 17 33 20 35 27 489 20 245 17 27 597 135 45 245 17 27 700 135 45 
35 27 64 13 545 10 4 1922 661 221 65 50 10 1706 179 258 52 13 545 25 57 10 <unk>  179 258 58 13 545 20 
70 112 11 1589 20 72 126 157 23 280 1589 20 40 41 1589 43 70 60 508 45 
11 377 91 1028 31 27 867 20 146 60 31 61 440 441 462 1121 179 86 204 149 23 322 20 16 91 33 708 20 40 41 377 59 61 26 86 322 45 
167 27 2536 1381 70 2110 27 865 862 11 137 25 27 1170 247 23 137 20 15 86 864 64 23 170 71 40 41 170 108 113 455 45 
245 1492 10 400 292 61 <unk>  65 50 10 4 220 <unk>  738 31 1479 4 420 738 45 
70 112 11 710 1079 25 23 1196 1079 63 711 20 15 78 102 33 10 27 1079 167 181 71 40 41 1079 108 78 60 31 145 63 711 45 
301 404 31 560 96 20 133 10 27 323 167 27 97 194 746 <unk>  747 1538 1177 20 16 194 11 280 <unk>  110 1538 <unk>  20 15 16 194 4 156 10 23 323 167 27 97 71 40 41 194 <unk>  45 40 41 194 1177 366 <unk>  45 
27 1670 167 4 181 1272 177 11 323 20 1201 64 50 63 451 25 52 63 199 20 27 510 194 57 20 40 41 451 25 40 41 199 450 27 1272 45 
27 156 64 10 4 395 25 4 1746 17 50 20 15 27 311 10 27 395 17 52 488 110 27 1746 71 245 177 27 311 10 27 395 71 26 215 45 
116 4 1437 267 11 1849 71 27 1704 23 17 1193 116 33 371 63 86 634 1441 25 140 10 4 371 1313 63 86 3093 1441 20 70 1910 133 10 27 1849 25 161 4 1704 23 10 444 144 20 40 41 1849 108 70 1441 2324 45 
333 <unk>  1608 149 11 1295 754 272 110 333 1935 316 73 1608 20 83 17 220 488 754 110 27 316 73 1608 20 40 41 754 272 43 27 316 73 1608 60 45 
70 149 11 770 1106 532 381 23 10 374 20 40 41 770 1106 43 70 60 96 45 
70 112 11 <unk>  81 26 127 128 187 113 453 31 127 315 65 27 2846 148 20 15 27 81 194 453 167 96 50 86 71 40 106 122 108 70 202 26 156 45 
70 1148 11 1705 71 532 512 23 156 63 157 314 20 15 78 600 33 471 10 612 116 86 140 71 40 106 471 10 612 43 78 330 827 45 
70 349 7 11 1188 1257 20 113 1228 23 280 65 72 20 40 41 1188 1257 43 70 379 7 45 
70 112 50 20 63 127 769 113 910 11 280 215 532 114 23 116 4 117 118 20 40 106 122 43 113 60 96 45 
233 7 27 19 71 4 150 177 1302 31 90 11 347 13 14 20 15 27 19 177 23 137 274 <unk>  25 27 150 6 1183 21 71 21 120 90 673 33 347 13 14 20 35 27 <unk>  10 27 19 26 347 13 14 20 35 27 <unk>  10 27 150 20 
4 1974 25 4 1975 64 50 159 20 27 311 10 27 1974 17 11 137 27 311 10 27 1975 20 245 17 27 64 10 27 1975 45 
59 1197 11 313 31 4 769 314 71 532 23 120 382 1198 20 15 113 82 31 121 1199 1056 1121 86 438 120 60 1200 33 71 40 41 660 113 121 45 
1175 70 183 11 1265 1266 20 86 1265 1270 64 50 20 40 106 122 108 78 217 63 133 10 27 1265 1266 45 
26 4 210 118 11 27 135 10 1386 142 255 27 <unk>  458 579 23 255 274 106 274 33 27 <unk>  990 1386 579 140 20 15 27 156 1386 142 17 444 71 245 17 27 1704 759 45 
70 183 11 195 10 326 160 25 126 23 31 127 327 328 20 15 86 197 149 33 162 329 21 71 40 41 162 108 70 330 60 45 
70 149 11 291 20 78 1228 23 280 65 72 20 40 41 291 43 70 60 26 133 45 
27 135 10 459 26 66 376 17 11 488 110 134 27 135 10 460 20 16 91 23 377 26 66 376 20 40 41 91 460 45 
70 71 255 2043 89 1332 11 1333 26 14 20 15 113 <unk>  96 31 296 71 146 89 145 27 28 715 445 26 240 20 15 113 <unk>  96 718 717 40 38 59 21 519 157 31 1332 11 1333 71 26 265 45 
70 112 11 623 116 157 983 792 20 15 78 638 23 482 623 65 21 25 533 136 33 117 623 71 40 41 623 43 78 60 116 157 983 792 45 
27 566 567 11 489 17 23 20 15 27 597 135 17 33 137 274 106 274 27 700 135 71 245 17 27 477 10 27 11 489 45 
86 1308 <unk>  198 11 1309 20 4 913 89 503 23 <unk>  20 40 41 156 1309 89 875 116 27 913 45 
96 70 112 50 20 113 246 247 224 100 25 248 149 52 20 40 106 122 108 113 90 249 247 45 
2189 318 17 220 753 1963 2190 17 420 753 20 40 41 213 10 86 660 61 757 445 26 524 31 202 4 <unk>  663 179 17 847 753 45 
16 177 4 712 10 11 2411 10 600 365 20 70 653 31 2165 21 26 195 63 364 20 15 368 197 89 1234 23 2411 71 40 41 195 43 70 827 45 
70 221 231 1057 1660 20 78 600 11 10 4 2361 10 414 25 23 10 4 2361 10 2362 20 40 106 280 414 110 2362 108 70 455 45 
70 17 2771 122 31 121 4 1308 792 179 258 50 20 113 783 653 31 121 207 117 25 600 1309 20 117 1309 64 52 25 27 600 1309 64 57 20 113 653 31 121 231 67 135 10 1309 507 117 25 600 20 113 149 335 58 20 40 41 117 25 600 1309 89 113 121 15 113 884 133 10 127 122 45 
27 566 567 11 137 4 135 25 23 17 27 28 274 134 4 135 20 35 27 135 20 
70 71 72 71 343 453 <unk>  <unk>  31 1498 122 63 1965 2960 20 72 453 11 280 <unk>  110 70 20 343 453 23 488 110 134 274 41 <unk>  274 70 20 15 445 146 453 4 156 10 33 <unk>  <unk>  71 40 41 108 86 2143 662 45 
16 91 11 1219 95 25 23 1843 95 96 26 27 97 20 97 98 59 99 33 1219 95 100 20 40 41 1219 95 59 27 97 60 101 27 98 91 102 45 
27 141 <unk>  116 466 146 325 32 63 366 540 562 20 4 <unk>  10 27 1499 <unk>  31 32 31 4 210 118 20 146 183 11 170 20 207 10 27 170 64 50 13 949 25 207 64 52 13 949 20 133 10 27 170 64 57 20 40 41 <unk>  170 108 146 121 45 40 41 <unk>  170 108 146 121 45 
11 475 10 <unk>  4 71 23 162 10 <unk>  346 71 25 33 475 10 <unk>  972 1234 140 272 10 <unk>  20 11 475 10 <unk>  4 25 23 162 10 <unk>  346 60 444 27 <unk>  10 759 475 10 <unk>  972 20 11 475 86 10 1805 4 25 972 60 760 137 27 <unk>  10 4 2866 10 <unk>  2095 35 27 135 10 272 10 <unk>  26 27 940 <unk>  962 10 86 <unk>  20 
146 1310 50 63 451 25 52 63 199 20 11 451 25 199 450 71 25 57 177 221 65 949 449 20 40 41 199 25 451 404 31 27 <unk>  <unk>  45 
1175 70 <unk>  14 65 933 11 137 274 482 274 157 995 20 96 78 59 2207 240 65 933 23 137 274 482 274 157 995 20 245 17 157 100 565 45 245 17 157 995 73 100 565 45 
216 90 3152 25 662 374 63 50 86 20 27 593 31 90 640 31 11 3152 258 52 20 40 41 3152 292 216 662 31 60 4 844 10 57 45 
116 96 71 70 114 50 86 116 11 170 31 4 338 339 20 78 783 720 4 338 63 52 71 25 183 4 338 63 57 20 40 106 122 26 156 108 70 188 116 2727 45 
16 91 11 2093 95 96 26 27 97 20 97 98 59 99 23 2093 95 100 25 33 2093 95 248 20 40 41 2093 95 59 27 97 60 101 27 98 91 102 45 
4 893 1821 653 31 1351 4 11 399 <unk>  7 4 220 96 663 10 737 63 127 977 20 40 41 553 10 420 737 660 113 661 7 207 847 737 663 26 524 31 1351 27 <unk>  45 
4 <unk>  453 11 170 63 231 <unk>  <unk>  1272 20 800 340 194 50 25 1571 340 194 52 20 27 <unk>  453 57 26 170 20 40 41 <unk>  170 108 27 <unk>  662 45 40 41 <unk>  170 108 27 <unk>  662 45 
70 417 50 26 11 2576 71 187 217 220 25 420 2240 214 1783 20 27 159 214 113 370 63 507 2576 177 52 63 14 20 40 41 215 177 417 167 220 45 40 106 177 417 167 420 45 
16 91 11 203 26 27 603 20 70 604 23 203 26 27 603 20 40 41 203 91 96 16 26 156 45 
70 73 965 112 1987 25 11 112 2335 20 113 126 23 31 72 25 33 31 343 20 113 96 149 11 1987 20 40 41 1987 108 113 60 31 290 7 45 
70 523 3067 7 72 20 146 1225 11 1845 20 15 146 1089 461 640 27 1845 71 40 41 59 86 23 202 45 
16 194 4 156 10 11 1277 228 14 20 27 244 17 380 63 240 20 40 41 1277 228 91 26 27 <unk>  45 
4 572 <unk>  183 11 <unk>  63 50 20 113 453 207 167 52 86 25 27 454 167 57 71 <unk>  <unk>  58 20 40 41 108 113 662 167 52 45 167 57 45 
63 70 25 157 158 159 27 160 146 161 20 72 112 11 162 10 160 163 157 158 112 23 20 15 146 164 11 162 27 66 165 71 40 41 162 145 146 60 123 45 
141 <unk>  924 179 26 96 27 925 926 927 59 61 11 928 689 25 27 927 59 61 673 23 10 27 925 926 929 20 245 59 27 925 926 929 61 26 96 45 
70 1197 11 323 31 157 769 314 20 146 86 164 23 162 10 506 20 40 41 162 10 506 108 146 320 45 
4 316 426 11 779 378 840 25 23 378 436 96 20 40 41 779 194 426 96 45 
11 155 194 2024 26 4 193 20 23 280 155 857 640 31 27 193 20 40 41 155 194 16 508 26 27 193 45 
116 11 916 2096 71 4 209 458 2477 23 1839 71 826 33 1839 71 25 2477 140 1839 20 245 135 2005 27 156 1916 2478 45 
70 2351 27 1115 540 378 4 <unk>  20 113 2351 11 2352 116 96 71 11 2352 116 100 71 25 23 2352 116 248 20 40 41 156 37 10 878 108 301 2353 45 
4 <unk>  219 10 220 177 600 116 4 1226 7 4 852 311 10 50 20 35 27 64 10 27 1226 20 
70 169 96 50 26 4 2079 20 78 417 207 10 27 122 167 220 2240 214 25 52 488 110 134 179 336 167 420 20 26 14 71 78 370 57 26 214 20 40 106 108 78 599 167 220 45 167 420 45 
70 2110 11 12 167 23 12 13 14 20 40 38 108 70 864 45 
70 1197 11 323 31 157 769 314 20 146 86 164 23 162 10 506 20 40 41 162 10 506 108 146 320 45 
70 114 50 116 4 <unk>  905 71 52 116 147 967 71 25 4 152 64 463 57 20 113 484 4 2661 527 116 27 8 20 245 177 27 156 64 10 70 73 2414 45 
70 112 281 282 20 113 126 11 141 282 31 127 313 20 113 96 149 23 141 282 123 20 40 41 289 282 108 113 60 31 290 7 45 
70 453 11 195 10 <unk>  20 40 41 953 10 23 195 71 51 968 195 43 70 827 31 3032 45 
4 147 148 149 11 150 151 20 15 86 152 149 23 153 25 33 154 26 21 71 40 41 155 43 27 147 148 60 156 45 
70 453 11 195 10 <unk>  20 40 41 953 10 23 195 71 51 968 195 43 70 827 31 3032 45 
16 194 11 1582 10 1583 26 27 1083 25 23 1582 26 27 2377 20 70 1584 1582 26 27 1083 96 20 16 91 100 33 1582 10 1583 26 27 1083 20 40 41 1582 108 113 148 26 27 1083 45 
70 177 880 274 4 2481 167 4 984 148 466 113 221 50 14 20 116 96 113 822 240 25 116 100 113 822 240 20 40 106 122 108 70 90 26 2400 265 45 
70 349 7 11 331 20 72 279 70 23 280 20 40 41 331 43 70 379 7 45 
10 11 377 26 4 367 71 23 2783 20 245 538 10 27 377 2783 45 
301 349 7 11 777 20 70 30 23 294 20 40 41 777 43 301 379 7 45 
96 167 70 73 232 71 11 2915 2916 116 29 20 2917 71 23 2915 2916 2918 20 26 133 71 40 41 2915 2916 26 301 100 45 
27 <unk>  1562 149 11 247 71 207 179 503 23 323 25 207 179 503 33 323 20 16 17 1334 63 140 323 508 20 40 41 23 <unk>  247 91 16 45 40 41 33 <unk>  247 91 16 45 
11 137 23 135 1572 134 14 135 20 134 27 66 135 17 11 280 110 27 69 135 20 35 27 700 25 27 597 135 20 
16 91 11 92 95 25 23 94 95 96 26 27 97 20 97 98 59 99 33 92 95 100 20 40 41 92 95 59 27 97 60 101 27 98 91 102 45 
70 149 11 594 20 113 2060 23 594 31 500 4 2227 20 40 41 594 91 123 45 
15 27 477 10 4 135 25 11 17 1786 255 23 71 27 606 17 27 28 274 33 137 27 135 605 255 140 20 35 27 135 20 
70 276 11 282 20 70 73 278 279 70 23 280 20 40 41 282 43 70 60 45 
70 112 11 189 636 25 23 789 636 116 157 1107 1071 20 15 78 638 33 10 27 636 71 40 41 636 194 330 116 157 1107 1071 45 
167 4 339 71 11 170 194 453 20 27 949 1133 194 50 71 52 71 25 57 20 27 156 598 65 949 449 177 58 20 40 41 170 10 86 84 194 453 15 27 159 135 10 50 25 52 170 453 177 23 137 27 135 10 57 170 453 45 
378 4 1292 31 231 1154 71 70 190 11 10 4 266 10 289 125 71 11 10 4 266 10 1373 125 71 25 23 10 4 266 10 301 125 20 40 41 614 10 572 108 70 1100 26 156 45 
70 17 14 1487 110 157 995 20 78 177 11 137 274 482 274 113 177 96 20 40 482 17 70 100 45 40 482 17 157 995 45 
4 1979 <unk>  179 <unk>  1273 63 50 17 116 386 63 220 1324 27 1325 311 20 245 17 27 386 311 71 26 215 45 
27 156 135 10 377 <unk>  65 141 116 4 96 239 4 <unk>  878 100 177 11 20 27 156 1670 179 14 177 248 20 40 41 377 71 26 156 71 1414 2095 <unk>  1276 181 45 
16 91 11 1020 116 4 492 71 86 10 187 17 746 4 <unk>  747 4 525 20 16 91 23 493 508 20 40 41 1084 91 16 45 40 41 490 45 
11 2693 258 50 20 15 27 64 10 86 2693 1789 27 28 71 40 106 325 23 1215 64 45 
239 4 314 71 11 10 27 2223 17 123 224 20 179 165 71 269 328 645 23 10 27 2223 20 40 106 17 123 224 239 179 45 
70 1034 11 1516 71 532 27 1210 164 23 1516 20 40 41 1516 43 70 60 45 
70 624 4 1226 118 63 50 71 25 4 2535 118 63 52 20 40 106 108 70 188 116 789 228 45 
16 194 11 162 10 160 26 4 1577 20 15 23 162 194 584 25 27 454 194 770 71 40 41 194 770 45 
70 404 31 27 1307 20 78 114 50 116 4 395 25 52 116 4 1134 20 78 404 31 11 2637 20 26 156 71 40 106 122 108 70 188 116 485 45 
70 484 11 569 25 23 904 116 27 570 20 113 126 33 10 27 569 31 72 20 40 41 569 43 70 96 60 45 
70 149 11 1673 1106 25 23 584 1106 20 113 381 33 10 27 1673 1106 20 40 41 1673 1106 43 70 60 96 45 
4 814 523 441 4 984 148 25 1016 4 2020 25 4 905 176 20 4 220 674 17 2021 31 27 311 10 <unk>  1404 20 15 27 156 527 17 50 71 2023 52 26 674 116 27 905 176 71 245 91 27 1133 71 26 215 71 10 27 2020 25 27 176 45 
70 17 852 11 2897 63 50 86 20 40 106 122 89 70 202 65 852 27 2897 45 
289 149 96 584 1589 25 100 770 1589 20 40 41 1589 43 78 60 508 45 
70 349 7 11 1399 20 113 826 23 20 40 41 1399 43 70 379 7 45 
4 316 221 11 2673 31 966 378 840 20 673 23 194 650 426 20 40 41 2673 194 224 65 840 45 
27 141 142 11 144 116 4 1973 10 23 371 1370 25 33 371 1370 20 40 41 2225 10 140 371 1370 25 40 41 2225 10 33 371 1370 194 221 45 
70 1666 11 12 116 96 20 533 71 116 100 71 113 1666 56 23 12 20 40 405 108 70 1669 133 445 45 
70 112 11 162 10 485 31 1164 20 113 293 23 10 374 26 33 1744 71 532 988 31 461 27 454 441 140 67 1745 20 40 41 162 10 485 120 32 26 86 10 27 273 1745 45 
63 27 181 778 386 70 221 11 1056 20 15 78 453 23 10 374 25 533 221 33 280 71 40 41 1056 325 78 60 45 
167 27 1168 16 194 11 323 26 1169 63 27 1170 247 20 15 23 10 374 910 1171 10 1172 25 123 25 33 280 910 26 1169 71 40 41 323 325 61 26 1169 45 
167 27 1168 16 194 11 323 26 1169 63 27 1170 247 20 15 23 10 374 910 1171 10 1172 25 123 25 23 280 910 26 1169 71 40 41 323 325 61 26 1169 45 
70 177 1804 1805 26 157 308 20 78 551 7 11 665 25 1531 23 10 374 26 27 269 308 25 26 86 10 157 273 1806 293 33 665 86 20 40 41 273 1806 108 70 60 45 
4 976 112 11 977 26 127 1047 20 15 23 10 374 123 25 27 454 10 127 763 112 33 323 167 86 309 71 40 41 763 108 113 60 45 
27 273 867 167 27 97 49 50 63 317 1201 71 52 63 446 1201 25 57 63 2045 1201 20 63 14 71 27 867 448 58 25 1123 11 <unk>  20 15 27 317 1201 17 23 280 110 27 2045 1201 71 40 41 1203 10 2045 <unk>  194 1123 116 96 45 40 41 1203 10 317 <unk>  194 1123 116 96 45 40 41 1203 10 319 <unk>  194 1123 116 96 45 
86 266 735 50 10 602 20 40 41 213 10 602 91 26 11 614 45 
2596 11 441 23 442 1121 179 33 10 140 418 579 444 10 27 139 418 255 759 20 245 17 27 700 418 45 245 17 27 597 418 45 
70 177 1766 157 186 1065 76 2134 86 10 27 502 112 1200 11 300 116 21 20 15 78 112 23 502 10 2135 300 25 33 502 10 2136 300 71 40 41 300 108 78 60 156 45 
27 477 10 11 916 698 17 23 20 35 27 700 694 20 35 27 597 694 20 
26 1951 16 91 11 137 274 41 377 274 <unk>  20 15 445 27 377 25 <unk>  135 23 71 40 41 377 91 16 26 1951 45 
4 117 511 512 11 513 20 27 514 112 515 516 23 10 374 20 15 21 30 14 31 517 86 518 71 40 38 59 21 519 463 31 517 27 454 45 
96 216 120 202 4 1475 71 2865 25 4 1464 167 301 73 <unk>  63 50 20 1158 27 311 10 4 1475 149 254 220 71 27 311 10 2865 149 254 420 25 27 311 10 1464 149 254 847 71 27 28 318 258 52 20 15 27 311 10 1464 17 100 57 280 110 179 10 4 1475 71 245 177 27 311 10 86 1962 248 45 
70 484 11 569 71 72 484 23 569 71 25 343 484 33 569 116 27 570 20 101 146 1040 374 71 146 1041 179 140 194 1042 20 40 41 569 108 146 35 445 45 
35 11 916 698 812 477 17 23 20 
70 2561 1553 2633 20 70 1069 50 63 2340 71 25 52 63 1732 20 26 156 71 40 106 122 108 70 188 45 
26 4 704 135 71 751 73 577 17 11 280 110 27 23 73 577 20 27 135 2094 255 2548 27 581 25 27 707 135 91 26 27 359 33 699 140 20 35 27 135 20 
167 27 1168 16 194 11 323 26 1169 63 27 1170 247 20 15 23 10 374 910 1171 10 1172 25 123 25 33 280 910 26 1169 71 40 41 323 325 61 26 1169 45 
4 5 22 942 234 167 11 12 13 14 25 56 5 22 942 235 167 23 12 13 14 20 15 146 230 167 27 28 29 71 25 65 27 28 2165 71 26 40 41 240 59 146 61 33 12 238 45 
16 91 11 2434 26 27 603 20 70 604 23 2434 26 27 603 20 40 41 2434 91 96 16 26 133 45 
70 177 166 4 1147 118 20 26 27 66 1311 78 142 11 144 25 26 27 69 1311 78 142 23 144 20 26 27 243 1311 78 381 33 144 20 40 41 144 108 78 60 167 27 379 10 27 118 45 
11 1503 25 23 1084 64 50 71 163 33 1503 25 140 1084 64 52 20 35 27 64 10 4 <unk>  25 4 <unk>  20 
15 11 247 91 1220 354 86 139 65 23 12 294 25 47 4 1023 47 346 26 14 25 15 27 247 1145 26 27 28 2493 25 47 346 2334 47 4 923 240 71 533 40 1375 17 86 47 1028 45 
11 916 489 60 4 159 477 10 23 20 <unk>  27 918 10 27 33 489 20 
4 2051 148 1259 4 386 31 662 133 10 27 11 96 1132 179 1588 239 27 244 1073 20 <unk>  165 71 86 1134 26 27 148 177 659 167 50 20 167 165 71 27 311 10 27 1132 177 <unk>  389 31 52 20 239 27 243 1134 177 453 71 27 156 510 63 27 <unk>  386 194 57 20 40 41 1132 194 453 494 165 25 40 41 1132 194 453 239 165 45 
70 149 11 291 20 15 113 373 374 375 23 313 71 40 41 291 43 86 315 202 45 
4 814 523 441 4 984 148 25 1016 4 2020 25 4 905 176 20 4 220 674 17 2021 31 27 311 10 <unk>  1404 20 15 27 156 527 17 50 71 2023 52 26 674 116 27 905 176 71 245 91 27 1133 10 27 2020 25 27 176 45 
70 2351 27 1115 540 378 4 <unk>  20 113 2351 11 10 4 2352 116 96 71 11 10 4 2352 116 100 71 25 23 10 4 2352 116 248 20 40 41 156 37 10 878 108 301 2353 45 
289 149 96 584 1589 25 100 770 1589 20 40 41 1589 43 289 60 508 45 
70 149 11 1106 20 72 149 23 1106 20 40 41 280 1106 43 70 60 110 72 45 
27 477 10 27 568 10 70 25 72 17 11 20 96 71 70 59 61 134 72 73 565 20 35 70 73 100 565 20 
86 446 149 11 203 20 15 16 91 23 199 71 40 41 203 91 16 26 156 45 
