5149
7591
3093
20143
5358
22149
5903
4915
5444
442
23012
17436
17079
11389
21525
10325
21010
4326
3753
6315
13157
5534
15529
8735
14826
5077
962
16529
8109
1797
12046
22023
20406
17373
21389
1303
20862
11964
3330
22936
9580
17404
22808
11312
9403
952
13635
8892
16458
11272
22951
14515
16648
14920
15446
3510
22334
494
3072
6261
11266
22491
5414
18474
11956
20563
13001
15213
18142
2503
4910
13627
18896
9024
17156
17889
20938
20586
15639
6497
21615
7299
4335
15051
11653
8869
23108
6978
7331
18172
8649
5613
9713
7667
1479
15916
19930
17821
12321
13136
18352
12375
22378
9017
13921
22212
8802
2080
8089
1798
18601
11805
11908
21416
662
5884
13046
5158
3069
19462
17336
5187
15640
2024
9354
22104
21949
13541
1366
7290
417
4764
5902
6830
4598
3624
21413
82
11754
5206
6864
1022
22122
18973
2802
22646
909
6143
5068
12876
669
5786
22039
16581
2897
8311
22876
7864
5395
17999
17351
19001
18931
13626
3238
1674
11808
20683
21769
21350
20931
20246
3312
20089
8578
13004
1254
14862
9201
3703
12430
14767
6208
5119
10360
18207
20739
17234
19146
7560
16909
22736
17544
6985
22143
3809
7806
7107
18436
18615
3059
13244
10870
16511
6113
19470
7313
17415
15128
17469
9918
19060
6856
18528
2819
15872
13589
6703
15769
8019
14848
19317
2199
14717
5666
4159
6221
19853
9985
1368
18917
5273
16545
12031
19045
19303
4444
3022
13226
16038
8027
3611
3938
1259
17836
18147
11702
1725
1934
9328
5963
6100
22754
9080
7119
9335
5836
19740
9252
13237
4981
23029
14769
12942
1831
11857
12875
21260
18268
5628
3690
10933
17237
16183
9632
2386
6734
5606
12733
2577
13719
10361
3662
5151
2317
5524
4544
987
10047
5627
9199
21567
20201
4606
18460
22077
5486
16196
13555
17261
17106
7106
14008
20722
17327
16685
15290
6225
5264
16495
3304
2261
21815
13000
6353
21555
3488
13101
19847
2306
3695
4451
14388
9890
7801
6812
22059
3622
22146
13178
17394
9873
1865
15834
1900
6938
1789
14569
11438
2701
3468
10207
19660
7438
4459
732
11863
11035
21864
17833
10436
13774
22739
17252
7088
14986
20350
4012
7697
17074
3801
1277
10352
20693
17721
2445
5712
9409
314
6619
15631
12314
20483
18498
12661
2808
15558
8949
12572
20828
8297
597
881
20997
4104
21587
9375
2596
5942
19727
21358
20083
19696
2203
18024
5545
2678
6120
2653
7263
2213
16788
22911
12858
18316
8392
6672
7126
786
21939
8908
18263
12220
13592
15800
20510
16189
10298
404
12129
20407
4565
9009
10024
10888
8083
3317
18328
17400
5602
8921
20445
2124
7021
8937
13300
19389
19851
18238
6919
10841
7300
19394
15283
6561
20568
22687
10015
1744
938
16868
3161
16198
17828
9688
11930
3693
12127
16021
20927
17472
2045
17325
20869
5481
13170
7770
6446
465
19533
6399
15749
14123
19079
4218
19913
2119
4090
2883
10091
5116
3614
12173
5539
19743
20719
2988
7521
7484
8824
3272
11082
1974
7422
16590
14563
1833
17028
11866
20597
6743
22394
22904
5542
3994
11864
3141
3082
19995
4898
4208
17278
16201
13450
2385
7434
17569
15277
15183
18550
6602
3987
11731
8979
22939
4267
12874
16445
17760
21582
18023
18486
15750
5364
14595
14341
4833
17778
22984
14253
1065
11919
17708
12530
15162
11436
21147
17442
16305
8060
8087
5780
9003
6690
19275
21797
17861
21
15980
551
628
2359
7739
8987
22335
5655
19644
5697
800
21512
6852
8426
9180
11214
10825
12281
3939
12452
5102
21476
8166
16295
22427
15797
5462
14561
16347
22786
9925
10620
23099
16686
4943
12997
3467
16579
1556
22773
11583
21303
22627
1457
20224
20308
5767
12753
4118
15147
10630
9640
21427
16690
4695
7183
18209
9584
391
1103
6066
18208
20212
6592
7935
7471
11477
19085
22101
5661
15881
4350
11355
21581
19678
4175
14207
3219
4623
16276
1246
18803
15436
5134
4123
285
2477
18622
10957
20577
15806
19359
13051
3258
12975
18673
10385
17962
7424
5644
9899
21842
15541
1192
14729
11989
18411
2017
13768
7995
18042
11419
8627
17930
12647
22478
4308
12017
15075
19908
16846
4676
10480
8602
17882
15192
23067
1414
13540
8416
4432
3026
16075
9082
2259
6438
13472
16245
11579
22225
8928
15624
10063
8714
7274
18591
21833
12188
16834
18414
18198
2523
5579
17246
16111
2105
1204
11853
18119
6470
15906
17369
14520
12611
2281
6604
19530
595
1631
11139
20028
131
18237
2522
22823
8091
4138
15601
12398
7146
11208
5519
11030
761
13407
289
3555
1194
21865
6279
5043
6520
17901
2613
6984
6572
22659
18479
1104
5631
43
2560
8316
13110
4757
16858
8434
6697
5169
16506
17095
10654
17016
158
12731
4731
9385
1407
11246
7980
10516
20523
12881
10478
14162
13085
22899
10748
15437
1856
11695
15809
21180
8560
3345
14658
19761
12128
5832
18380
15345
9867
12267
22602
19729
9470
15329
14333
18037
2453
18447
17944
1920
12889
10868
16949
20097
13629
4333
4024
18921
8809
21982
22724
4297
12268
3813
12504
2300
9357
5768
10659
15991
9699
21854
3210
1045
9631
8588
13331
6685
2650
7984
13307
18035
934
4630
7069
13428
14153
21959
20176
13782
5163
18311
11827
1948
4948
15214
1686
21727
3426
3630
9743
9549
16750
13759
6041
22061
5454
8348
2198
9817
14907
6747
16437
5335
1533
2965
15255
13114
4957
4268
780
8948
6895
5407
10938
21810
22847
4065
5199
18038
12299
8172
7514
2649
19798
23084
11162
18855
329
16811
41
741
18343
23021
3157
9627
13906
17096
11850
5455
16273
15681
7679
5138
2791
9893
12944
192
2208
17626
1261
6694
10312
21633
11118
4359
19212
8371
22174
1301
22515
23115
17792
10880
2338
380
18099
9373
7936
13758
11898
1012
15843
15327
22475
1513
16206
14220
21654
10011
5197
18530
2644
9514
2790
12258
21172
5760
5409
12270
22517
8528
19772
4477
20013
19076
13968
20218
484
17296
12789
3641
3076
3719
19343
2603
21265
3438
11776
14246
11412
17341
1896
19347
14461
2920
13037
11642
8197
18285
20371
14793
12098
11685
9984
19123
19571
12732
11387
10563
6442
4533
3965
22406
1058
2468
7792
3101
3333
212
23017
4662
8943
4991
5142
16514
12715
6913
12633
22591
20886
12543
16116
22442
1380
22251
7809
1828
13891
2061
19539
6144
14772
7943
1469
6110
14423
8573
16716
128
4283
13993
5931
11617
4536
11687
11209
12959
14265
5560
8308
4116
9771
10069
9750
15068
15551
14060
6890
2004
1297
6426
21793
2025
18462
23152
13715
22433
1821
22863
1053
16131
10674
13622
7906
13501
4167
11492
7894
734
3929
6361
6295
4821
5827
11271
22247
22102
3664
6936
11327
8694
10987
15960
7444
18558
557
15081
19626
15010
4026
6810
3085
18499
9485
21645
19704
10860
18578
8125
3050
11087
6702
12192
13650
15463
5399
8598
14470
11201
18586
7846
12535
18872
16192
15709
11120
500
1121
21826
2582
6508
11180
19232
18232
10017
1097
13532
11099
6757
21848
16022
3097
21290
18957
22034
20280
10397
12002
17403
5706
2814
9124
10899
10314
12001
4386
11465
6172
23046
17046
20775
13108
16333
14905
7153
10953
21031
4215
9355
3407
23120
2301
7237
19205
9922
12775
8006
802
19463
9706
6835
22080
22129
18455
8236
1758
17137
8183
6033
17100
6721
8498
15890
18079
14482
9933
22838
4902
9158
19504
844
2689
11210
7682
16819
12584
8870
13465
22720
5840
12200
4579
5380
21096
14197
21075
11366
1024
8933
5095
13016
6784
5006
1405
12836
470
6692
13408
20320
15931
988
20652
20427
1206
8139
560
18348
18754
18032
5480
12700
11984
17090
11555
887
21611
8574
17625
4952
14974
5332
22942
3199
5897
16589
8211
5514
12563
2750
17216
1191
13345
13983
6587
17644
7007
20532
941
20291
19899
18178
21371
9382
23010
1576
10656
20906
5982
15209
10809
5090
15198
9732
4795
22339
10424
11083
9430
18760
1617
14032
18706
11392
22462
13094
11928
22533
359
6158
6089
548
20974
20501
18635
10274
20133
2009
21618
17563
1084
6593
13642
5259
5379
18702
20976
13651
567
17376
19203
5235
10751
22880
3505
12702
1318
9022
15937
19247
7561
9372
1252
16742
18812
4560
8129
16731
11319
1015
11718
13023
4317
10584
8691
17431
15766
16237
8264
22953
11194
1929
13773
13409
18705
520
18459
5973
16121
19645
18046
921
17302
4742
5447
5317
17022
3038
20057
10978
13309
8896
5762
22328
13947
10212
9630
12725
15568
4100
22340
6749
7881
17724
19805
17511
9901
4807
8
7513
20623
22206
15501
18196
8096
21678
6635
11405
1435
10592
12892
11837
9121
7036
22603
22772
1222
7834
20993
10614
5305
12484
9320
18736
17654
17126
1614
4402
4462
21074
19586
13739
11717
17474
14676
19724
18555
19709
20372
19170
4895
3665
9558
21328
10997
12073
490
885
8642
17789
5079
3032
12680
9725
14982
1466
12043
11770
631
11527
20329
16114
13625
21778
7503
17081
8748
14748
1492
13587
21642
10027
20594
5803
11250
11573
6362
9676
22624
2223
19436
1269
11522
2058
16576
18193
6580
8248
7070
6907
13516
13014
11529
21806
4485
20240
2781
9674
6971
13751
2817
10625
8055
3287
6966
21130
16047
9942
4253
13523
6951
17399
15934
179
10856
18102
6327
13066
20588
4439
19428
21978
8686
17622
17705
20980
3298
11430
13902
1342
6532
6498
4588
5132
15967
8973
1044
16849
14114
6836
18017
8744
6769
2748
1719
15997
16912
5793
22837
9932
21594
15522
184
16447
7334
15202
1702
7024
2325
22041
23076
302
6751
21870
7681
5274
3188
3795
13838
13960
16330
3243
18726
17702
3904
5424
11980
7694
15371
12414
6164
7109
9673
15784
10920
1139
14453
21478
17043
7238
5977
17868
508
6682
1212
12871
1499
5796
6469
17734
15021
13375
8584
10337
2659
16157
4528
12446
6068
21559
17969
12712
8897
14551
12924
17671
7675
5339
14552
22160
19623
9282
21240
11245
10845
9005
3706
7953
19503
7582
20877
4802
9828
12139
19873
90
19602
4916
9393
22139
21065
22567
11483
19771
2296
9894
3980
21792
22886
21989
18952
9809
14308
12014
2041
11032
20573
3852
5310
14962
13726
10107
11013
7292
20575
19214
20567
9160
3029
13562
3226
2391
2823
2735
17593
17322
7072
3633
10556
11901
18210
10863
19257
21509
11425
20832
14819
11563
19221
23070
13605
13922
1657
6963
3816
22494
5699
14683
21872
20890
21734
5226
20142
4194
14850
12068
9146
21308
10697
13916
11456
109
15699
433
4311
15153
18554
22468
16363
5254
14554
21089
6624
2364
19396
13487
16205
1465
6591
15270
10339
3440
20553
9153
19653
22679
8993
20738
4490
15282
15961
5144
14668
13076
12249
2125
21279
15879
14997
22414
14006
14490
4229
2036
10042
5176
19570
7937
232
2768
2469
5536
5925
19885
15368
7272
18176
16842
5820
17766
10053
1735
6671
17883
1284
9996
6790
1395
7475
20106
6594
464
13220
11963
18646
4255
12550
6741
2185
13777
12498
16313
9089
10466
7246
7610
20360
11766
7209
14895
9242
11088
5125
7941
20345
13681
20223
8398
15002
3176
4854
13748
1472
19891
20807
3958
14624
9066
10673
11518
22244
9692
21082
16809
20363
22255
19808
11291
171
21212
8775
10517
3597
17951
15140
16712
18625
19383
17007
22062
1138
13125
17835
4924
22992
18277
22585
9015
10247
10411
13181
8002
9233
964
12145
11829
3962
5002
9042
4923
14404
116
19671
4843
13138
17027
3296
4457
9545
19318
625
20271
10966
11710
2322
15813
265
18830
17549
22295
17187
22650
15118
17425
17683
1647
18596
237
286
16218
8890
22682
9028
3548
8788
3655
20373
22132
1879
4397
16242
12591
6934
542
10177
7852
6609
14458
16900
19468
22064
17446
20894
20500
17958
7189
10286
6153
11982
4814
8337
6522
16110
6048
18804
8868
22601
11875
9705
14089
15761
13857
17402
21776
17911
11278
7668
13372
20064
9459
9047
13664
9493
9770
12107
10528
626
11981
18790
11126
22935
16869
13343
7295
6863
6407
19
5024
8797
10309
8531
19193
4886
21687
14403
5781
12290
12383
17297
2062
4044
22887
12861
5957
5355
11547
22794
4612
1750
5091
4318
2967
9637
248
7985
20449
1839
13658
13339
21928
5345
4962
20703
13088
3116
3781
6644
3613
9578
22384
16649
14136
9816
18477
4775
6238
2362
479
12250
13546
7578
7709
2805
1225
12529
19233
10843
22304
19758
13438
814
11771
12123
7981
3898
17326
22480
15683
14485
1132
18915
11544
15870
13663
1792
7341
15334
4750
4725
13464
12716
22793
14483
11421
15003
15853
5953
12519
20000
11244
15134
23110
15156
15771
12961
14517
21266
4020
3791
2298
2292
2001
14949
12160
21177
14568
14478
1972
18675
15700
2730
794
2040
10378
12913
130
2907
5993
17355
21894
945
16771
11110
22388
2770
23114
12016
16234
867
15763
5853
20322
15962
23162
9128
1372
8393
14394
6742
11818
11100
20562
3637
7595
8506
7103
2870
11779
18029
17053
7110
3723
19334
7083
3766
20049
4756
9220
14724
2533
8215
22555
6876
20217
19032
16675
18549
17266
8552
6894
5372
9166
8601
9145
19513
3838
18018
14205
9164
15157
4078
17754
2766
2964
6290
4845
10660
1141
15703
20231
14578
159
10032
5951
4815
15553
21405
19746
394
13600
18236
17763
20504
13242
491
15074
5543
20678
3393
14326
2864
16091
14320
946
4243
6518
7433
2622
10474
1235
423
11004
8185
19104
17153
7931
18780
13846
9111
18118
21231
17300
19520
19307
18873
12679
12619
21596
17983
7886
375
2420
6002
14161
20748
14116
10924
20408
9224
925
8970
4320
16287
2021
8339
21677
9101
20376
5719
17994
4329
2786
14994
6356
5155
12038
5988
5636
18294
17026
14844
12297
1818
17409
18077
16957
14659
14900
22969
7510
14821
2392
20150
11028
21067
21159
10301
22565
9913
10738
15402
3254
11471
18382
7032
8225
12427
17247
10750
15470
12630
18470
6410
4600
21426
20084
6661
21885
5181
18174
13317
19023
7932
20786
9002
1669
14774
280
10737
19879
20975
13766
15240
13206
9352
15804
15459
12767
12982
13820
7405
20433
15602
21182
19192
13109
22081
19949
2984
18231
10213
13071
11113
1281
18890
12669
6203
1659
19801
7900
21395
16587
13258
5794
14530
19277
21310
21956
2220
18078
3642
3767
9310
10586
3433
4679
8077
12385
21244
3339
14360
18626
22526
13103
20883
1585
12018
14524
10508
4185
886
13804
12471
5123
6038
20055
1050
20195
3951
20776
6654
8298
22106
13620
17703
17917
11054
7764
16248
13494
19217
1592
10216
13371
6883
18392
11213
20331
2541
17466
8009
4054
7093
2835
15112
5408
14727
2925
11249
19200
15886
6535
4505
3477
22867
5845
6325
10101
21367
21552
20679
20197
19714
2501
16600
6918
6199
16746
19685
17166
22496
6965
9174
14064
4223
884
16048
5363
10665
18177
21570
8473
2415
10103
18373
5434
1584
1908
3381
16501
20250
14710
6632
17540
19668
17006
21207
11363
11029
20647
12803
9256
10806
16597
11719
13823
5880
20654
9969
9440
3992
13708
20409
20032
716
4091
3578
1383
7351
6303
8731
7559
12717
12614
11437
1158
19643
19863
12741
14429
15017
16492
14627
16927
22834
12810
15115
6313
16628
14705
20625
424
13882
20601
2997
5279
23006
4369
472
9347
13655
18166
9579
3668
11568
18876
19693
9490
9264
7539
10006
4363
12494
3328
7959
22667
6867
20054
18824
8504
2700
15399
22424
10376
519
12510
15543
8155
15267
19826
15480
4502
11706
5754
21429
7778
3417
19424
5956
20593
22203
19467
3876
20545
15373
5587
6095
8546
14512
9923
11144
12666
6177
17147
7111
11091
18756
1042
21133
8618
16509
17701
5866
5702
8295
19202
21064
8445
20124
7310
2686
13006
3044
1047
15182
2800
1826
14108
14670
18767
14304
907
9502
11289
7018
11236
7074
15292
6731
19114
10680
21707
14498
14061
23083
18559
8895
16741
13965
21370
19972
8659
16254
6802
2597
8448
4239
11317
17668
10579
779
5747
5027
10749
4401
13549
17232
16620
7563
15852
20507
15926
16329
8218
10178
15677
18847
6436
20789
8222
13827
13822
17076
16428
15050
16304
4661
11104
7020
1713
18310
17687
21650
11592
3547
20441
10911
17253
16850
5778
22233
9747
19167
20818
10348
19756
5801
1854
17461
22648
9458
8358
19531
19612
23144
15858
3437
15560
19982
15152
4937
1243
17380
23102
14778
10022
8180
16336
21795
7333
7857
13641
11006
2050
8811
6122
1423
12653
15413
3715
7034
16086
21566
16594
8711
7909
12785
8994
9353
3144
5410
5927
2026
777
15338
15311
5675
4112
4204
13224
18399
9202
15314
18261
17854
7187
7192
22827
18432
637
17487
19273
17194
949
955
9862
7167
4733
8773
22451
19744
16584
17841
14435
5214
17439
9510
22434
1403
8102
8910
12695
16233
2693
499
20969
21595
2065
15693
512
15509
8958
7296
16618
17490
14763
12131
9979
16352
22297
16533
19473
296
15150
15913
1249
22395
14845
13049
8484
4971
15891
22982
19101
1209
15854
5710
14247
8503
18013
1790
11298
1266
15877
11020
16389
6859
5541
21585
18354
10471
8825
21206
1317
7735
9835
10752
9232
6886
167
7135
1820
5922
19256
21220
2423
5341
6235
10520
13310
4018
19168
1971
9561
20715
18201
14025
4294
8581
11024
19977
7729
18868
7923
6431
23071
6952
7474
12221
5821
2183
7837
15714
3518
1427
14506
1434
18747
2906
534
8699
6269
20778
14381
20339
19705
19236
8157
3048
20437
4897
3917
21069
5583
2616
12774
4968
12243
19044
13813
2708
14625
20052
12334
18345
8917
21935
19822
1844
18857
14590
9050
4391
12654
21104
9079
15116
902
13393
2173
20844
9294
1845
13898
14770
15125
8034
9804
10421
16039
18553
22741
10855
20707
20319
7549
14455
17259
3303
15742
13985
11055
13962
4521
21059
10408
21513
17288
19006
7903
20856
17162
21790
5788
10428
8510
3221
9717
6
7978
15048
13086
7599
13506
1433
11997
19206
16698
8496
6539
2936
20873
13434
8258
712
16508
9411
6551
8294
469
10
20251
4174
22523
14950
19090
15579
10406
20236
11942
9274
8643
2634
9476
9810
18650
18545
2073
20913
3895
22766
20700
21971
2466
6622
354
7638
15544
22816
8637
18795
9474
10668
13727
11585
17338
17871
10909
15062
15717
18507
6487
3824
14813
4711
19320
708
22973
9849
9910
2687
14375
5872
14898
10619
7543
22325
11015
19820
3329
21550
14329
19096
8768
14965
370
21447
467
11223
13612
17776
15987
10904
15820
1857
4173
4589
122
2868
18575
2548
2995
7264
19321
9575
21557
12301
4155
21656
958
3549
10005
8887
1074
18402
11655
17463
992
5010
578
14957
15259
1893
19184
3061
19451
6643
2806
17029
12863
859
2719
20537
8511
5829
7151
14348
13995
2098
9084
13273
11187
22183
10713
18424
8589
17741
16484
10316
4732
689
15756
14227
7784
19406
825
11940
11891
22685
19009
10676
9038
1007
12570
16550
20199
22238
13803
13173
8837
11418
5083
16368
9997
8724
415
8115
9711
14009
13452
12545
8978
772
15498
14557
11640
15600
18214
15633
702
16299
18605
10627
20087
8924
11128
7463
16191
9976
1213
20673
2019
44
17082
4385
16756
8422
13177
1245
1547
19319
9765
16383
17844
12939
4105
12374
7558
2302
4125
20270
14884
14053
13210
2015
8612
10639
22167
11196
20245
8168
17120
22215
7665
20604
13228
3517
11858
318
18059
11367
10110
8655
933
2473
21814
15985
6764
13998
224
16645
2767
19405
7744
10607
5558
22366
10455
21576
20986
172
3227
2175
21141
20744
4860
15442
8137
20403
3957
2113
9206
16674
15572
18183
2123
6183
14379
18677
13457
17629
5203
10139
20760
11651
14855
553
19440
13992
19354
2853
4367
9263
2055
3291
611
2804
9230
20243
5848
14708
1309
3203
832
15303
13913
6958
12641
5765
12236
15712
765
19579
1646
20929
10295
20488
5591
3976
10511
19166
11397
11230
20944
10089
1748
6093
16309
7466
5440
7236
7039
906
17571
9608
9401
300
7648
22028
20436
4892
19510
1210
8592
6309
3546
17130
15983
13454
21412
9540
21492
15000
5586
17973
11953
14074
15919
14922
2403
14734
1387
16728
9755
1394
21803
8657
7448
16446
20526
7398
11878
10300
8616
8036
9446
20041
4163
2210
16401
14022
7497
14491
4066
20816
425
19039
1555
4514
6659
12025
20882
15508
15915
18758
20110
17586
1768
20284
7829
12448
6462
22665
20002
252
1354
21664
9115
10671
8113
16345
3634
10113
5388
23092
15388
3984
4627
7508
15966
16543
20018
12238
7200
19866
9366
3155
17374
18139
9845
18686
7664
9420
879
6370
13693
9860
20439
13432
13084
7170
19680
7242
21123
17896
4313
16641
5319
12882
16470
15884
22312
20978
20244
14776
21501
2091
1253
9982
618
7346
16292
21024
5244
20552
15787
7507
2958
20186
11995
17217
7269
8577
2520
22078
18100
16643
9517
22621
20660
2092
14843
15561
16161
2728
5955
13577
6264
20465
7804
6016
3891
10764
3487
13478
16599
6515
21881
11957
17493
11671
12561
15489
22743
5798
21093
20275
6868
7382
15707
9392
2712
16936
1361
1308
10854
8245
9348
16379
1207
2516
2234
2122
21507
14257
5018
13530
6979
7232
21494
4082
5659
20301
7662
12076
1054
3563
856
15064
8431
7740
20620
562
15689
5690
10223
18774
4569
16520
11396
14082
10834
19793
274
22922
15645
8310
10279
19862
4909
19172
10772
15973
1325
8386
19290
13616
1503
5504
1984
11452
19280
3534
23079
17981
6948
8998
18359
1497
20661
19496
3120
11839
13502
13290
9854
8314
17071
11812
2486
19068
1520
20252
6523
11852
6657
18338
13660
15236
14087
3874
4941
13361
4081
21332
8132
14177
4557
13252
19271
13938
19238
8409
15907
13234
2682
4161
17013
2500
19953
1785
3814
6605
8841
16369
5718
8764
4446
13534
17307
6413
21239
10805
9574
15846
7279
5057
13704
1806
20306
23074
20277
22374
11441
3599
21817
20835
6045
9134
21883
15661
20149
6382
7759
21850
1663
13643
16959
21296
6298
6601
7335
8182
10930
21250
7982
22089
8816
10220
13948
15680
19355
7975
20264
10609
14800
4472
18427
22107
22161
21369
778
11040
5823
5283
20867
18836
18358
12932
21888
7115
12576
1862
12860
10934
17121
16382
2205
4339
19625
3422
11656
8411
9507
1306
1251
14278
13566
2135
20425
17354
4774
23082
10792
19990
21149
4352
1155
1849
656
20115
16697
18519
11308
652
477
2151
8497
18124
9523
13280
5535
4272
30
21791
14069
9681
11528
8350
21638
18126
7678
3454
22194
612
22429
398
2002
10898
19453
19860
4423
9654
4949
22776
9051
23097
21185
21839
3349
13498
3752
20378
3545
8012
13366
16396
8266
8981
20364
21480
22291
14723
7976
16213
4347
4926
9231
9698
21812
6146
15675
12246
1892
13116
19198
270
5066
9152
4383
13015
21430
19672
21150
7730
21108
1830
2334
11262
14393
3915
22830
13235
13971
9339
9497
11923
7523
7580
17353
22272
14653
3024
8064
20072
17984
5126
12726
1091
8525
22657
17929
5148
10600
12092
19163
16151
4271
7718
19438
5598
20305
17176
19030
14628
5971
22277
13412
19590
18580
12613
11296
11228
11217
15695
6638
15347
11461
22833
8356
6444
19037
19679
14111
12292
16972
7538
9480
12933
2699
7581
5668
7176
3503
17168
142
15608
13196
13367
18537
22330
11838
8252
16770
8262
10642
11716
12783
6308
574
4591
21661
8095
21538
22546
8565
10981
16800
17767
5617
22070
11594
7045
993
7642
3760
2570
11169
16497
3362
3910
17605
20863
242
8412
14131
17660
14599
6081
21469
21020
4354
7411
11628
15774
22447
22359
18249
6335
11385
7099
2506
15390
17450
16995
22358
14409
12639
14223
17397
7317
14715
16349
10502
16671
9159
5120
2838
8229
23154
9035
6099
13754
21597
6968
21523
21262
17467
15882
9716
10094
14280
9349
2148
4224
4965
21694
13463
5190
14416
967
6121
21046
14436
11732
7737
1267
21514
11295
13406
13453
21129
19857
13668
22890
12040
22809
18513
20796
11135
12686
6549
11052
8836
13986
20088
14143
787
2587
16306
10682
20574
3775
19306
1150
9439
21033
8726
21229
19806
11485
12432
23014
3193
19480
10678
1907
17691
17578
11330
15845
7426
11320
9805
17924
13858
21907
10070
21015
6230
6212
3200
7408
20701
22345
17102
829
5555
11002
34
4093
18783
18309
11855
10084
10403
19867
16895
7836
18862
5160
21680
20650
17004
9314
9715
19445
3170
9330
16659
18175
8812
676
17976
6155
5874
11635
18067
12215
14806
12213
18958
3873
16790
3239
20093
13159
13222
12051
9391
3207
12260
642
12777
4934
4193
17389
19176
4901
19420
3187
6076
19344
16634
5743
17206
10666
21818
4618
5383
4101
11990
10257
9499
3357
18441
9475
8769
5804
21409
21425
23019
18871
2639
13988
7573
22762
6923
164
4029
11630
21709
1569
21899
16962
9098
12736
6092
9603
9060
8187
8829
7354
5811
14980
5959
6322
20750
20430
12459
6140
22520
8850
12470
13268
18491
413
2626
19387
3914
5475
6354
10494
17614
5548
14474
12757
6274
13699
11874
10653
8532
23048
21553
12965
15831
11105
12918
9909
5036
8450
13537
6251
17980
16783
17068
13232
4055
5849
12332
20151
4563
6453
19262
15357
14868
162
11763
22318
22218
19033
16903
22944
10832
1695
1755
6190
16264
721
15638
3275
21835
4578
4811
1572
14315
10815
19840
16515
1384
6105
22207
7441
10036
22460
6179
8459
15166
13690
635
4816
19715
20962
20519
3047
20771
18251
730
10960
21546
8093
16212
21643
19604
714
6974
15462
11325
3810
21624
9995
14243
6726
1201
19505
14901
12155
3237
3584
9745
1827
15023
21549
9437
5152
20029
21153
12763
12069
9843
7367
20919
12478
16838
10244
10728
6947
15536
6706
21379
14539
9284
2315
15542
17731
20930
4786
16890
10023
12651
8628
3023
23098
20219
13842
7381
966
3394
19282
804
6418
18945
12278
6026
2188
10833
11842
7755
12865
6364
1208
8424
10583
19190
2528
9250
14943
18832
18088
13113
12590
10443
22628
16664
19165
18773
8033
17197
18612
13115
2452
11494
3041
8243
1388
19654
10493
5553
7043
8081
4089
17002
8353
15195
18321
18495
6504
3762
15788
18912
1743
19517
13818
10144
7892
18533
9953
316
19235
3550
3763
17541
7780
6547
21026
11972
13593
11868
16298
15167
8554
2282
17173
10363
14648
4241
2312
11382
1009
11315
7288
16623
303
17512
6239
12990
12949
9846
3403
14269
1410
3892
15996
15
2871
16637
5567
12439
13825
12057
8747
8583
1779
6451
7751
20763
8572
9861
6651
15032
6967
7455
8566
9581
4312
18919
13295
6911
5808
19639
13949
3356
5714
4728
17426
11936
5724
8709
7281
5530
16256
23023
2216
9212
18782
10044
9619
5701
3694
7453
6557
15471
5496
4041
19907
1625
18819
10929
10035
13779
9400
14685
18865
8292
15469
21203
1867
20785
7933
17959
21630
2375
3979
21453
14560
19175
1092
14443
12566
9963
20288
21705
16011
3598
11649
7613
11232
6792
1883
5338
12420
17807
9189
1608
1737
9290
20578
20062
7077
2215
15197
21324
16046
16461
22322
4252
11752
8256
14387
4197
1957
16194
20193
11909
15052
15304
8092
12637
2241
620
7184
17832
10571
4305
6169
11293
9563
8281
8303
15405
11782
12342
6567
13863
174
20908
14204
5987
11906
13028
7322
21955
12483
14493
22499
3034
21998
246
8217
16225
15940
10576
15358
13330
14109
16255
13229
18351
20895
20555
3714
18929
8255
20012
10246
1262
4911
9415
20772
2535
7118
22002
16434
17509
2850
10311
22423
12319
8830
10242
1440
16897
7084
9848
22524
16566
4264
12415
3968
12453
1001
9903
5328
22798
4083
9255
16123
15454
11011
3520
20226
2471
9661
5224
22758
11188
6955
5696
9962
1043
10433
4076
7654
14110
8361
11154
4721
10519
13050
10814
328
20667
3364
14930
13492
5300
132
3225
19767
6500
2134
13558
5398
16190
5834
7158
2270
2287
13654
7910
22074
17772
7211
2127
9946
6550
8778
9030
7901
19471
16687
22456
19931
2427
2581
22196
8249
14893
22703
16199
22209
9041
6543
13027
2576
8828
19377
14739
7271
16364
9658
14328
5356
19674
3361
6719
2512
16570
12764
5204
1270
20188
16283
16603
8672
20638
11119
18817
20463
4171
4850
13213
18732
11507
9703
615
15566
1527
21460
22416
17937
9577
17845
22842
3297
8663
6819
6200
18020
14691
14068
4085
13313
8455
15014
1445
2280
1918
6403
13026
7219
1000
15416
6744
4418
17396
4686
3732
13970
18825
8454
14651
20384
12117
20368
15468
21737
11612
11504
1580
22153
5937
9273
3796
21270
9061
9225
17798
13312
13982
21551
11101
9072
12063
13161
10405
6297
8349
1247
7501
2484
6310
12996
7401
14854
7266
18980
2580
11062
19770
3989
3299
1005
9044
13072
16792
21878
13636
14414
13905
17310
22671
7717
3817
1888
18661
8021
2619
10766
2524
20081
8299
17169
22753
14370
14434
15020
13763
6597
15673
15276
17825
919
21969
10545
11376
5674
10080
7412
9122
83
15789
6577
15627
10387
17617
6882
10292
12706
18092
3739
10925
15322
11361
8284
22510
17235
10572
515
3088
677
5464
2950
21932
15238
22308
21924
6854
3191
18587
17140
12331
19763
7234
9876
2677
1951
21162
15452
15606
8688
13145
21646
12474
2865
7520
8053
21477
11734
20316
16706
19684
18429
21184
1912
15091
4149
6760
16182
19769
5381
11597
18786
13373
20766
13864
13674
20443
10273
21197
18051
3964
5913
16302
6387
2248
12275
110
3717
11294
16444
14317
22437
19875
2745
7767
1162
12565
11924
20508
22191
11564
488
2595
10971
19055
8604
1334
17884
9931
17146
14507
22236
19144
19251
16705
4525
16465
2110
14643
22038
6285
4655
22965
1196
2996
20946
7556
13981
11748
6658
5362
2851
20697
21799
12
7440
2051
5150
22536
14654
15278
7696
21900
14619
10636
8808
9704
15221
17123
16944
13276
14481
14259
6879
4822
2637
9966
13575
13446
16076
8793
3945
11103
7360
15098
17395
9937
3561
18703
14562
504
11822
19381
16262
8508
18840
11134
19954
6069
18133
6024
5515
16877
12922
518
17193
6319
17943
20932
9956
3128
16004
15237
238
1728
6065
5522
16483
6865
13892
7482
830
21022
15776
10829
1151
12144
14389
592
21857
9120
14157
5663
10362
3778
1891
4890
18707
13163
250
13714
4931
14637
5681
19122
3911
6139
16244
1149
9167
16137
1159
2243
12553
17676
22683
13274
17289
5016
14297
11772
18926
6119
17595
16100
8382
4153
5669
21922
17948
15005
14555
2109
11743
20424
20481
14298
3956
19636
21668
1746
5170
15448
19985
14093
6379
4804
11674
5670
6101
13486
12193
6730
21689
13951
7849
7130
21884
956
17059
10470
20351
4681
8704
5857
12207
15087
5312
17104
3832
5459
1574
15534
17827
12735
5157
22810
21526
9495
21798
19764
17230
8440
11480
5400
6862
13955
13944
17895
17711
19102
4007
20183
1339
8375
12419
20662
19291
897
13728
4428
17103
11722
17238
1638
17669
6909
1152
13398
13279
21979
10504
5394
7942
15384
12283
15669
13207
6841
405
187
4121
22184
2831
14775
8796
12879
17231
9395
5729
18701
1551
3842
23026
10083
8282
5082
129
15794
16721
23056
20347
7877
13887
4716
9528
6992
525
18881
326
9872
13730
14448
11570
20680
9304
18944
18508
10345
13179
3158
4972
18481
19411
17293
2663
357
14589
4576
21134
2540
4692
950
8685
4407
9217
4378
12378
19609
22789
10553
7708
6102
11576
267
3594
1817
10844
10449
2448
17535
4126
21457
2158
21097
16346
1765
16734
15059
1454
16400
13957
9981
14309
15869
15838
3794
3374
14334
22133
2128
19813
21502
20396
9191
3528
18641
20321
649
3014
16965
12497
1460
5752
7583
20982
9675
12102
15024
4228
12049
18859
7630
7956
16479
18748
1544
8143
16602
616
17880
15697
20008
13184
9331
20467
8502
20260
10686
10722
13332
18138
5916
7721
3375
5935
4747
11239
17693
7223
16128
21137
4755
19392
1098
12636
13385
14427
241
12108
20684
19641
18960
7518
2059
6585
16812
9536
19340
22924
20265
18246
6201
17048
7361
1778
9234
15617
6259
9053
13445
16530
10054
1960
16438
22123
610
13149
19779
9408
13390
15400
15076
13054
16881
1060
1872
10581
16955
11760
22568
16757
16082
8487
15665
20461
7505
10370
17533
7713
22503
19902
8328
11047
9078
4374
9117
13765
16571
21873
5843
12930
15998
4853
16772
21805
20754
17309
17210
6860
18216
8817
21148
3880
9170
18892
11043
5684
4299
14321
22171
1989
20741
14200
22653
18387
813
6036
22027
10483
16633
10267
9341
5513
6613
18631
16997
14684
1048
4950
4542
20330
13441
5833
18670
673
11242
11299
14011
17128
2957
7752
1528
12217
21993
17218
9636
2225
13778
4673
5852
582
16968
6777
21719
6454
12928
4039
13265
418
14985
8377
3337
8442
5502
9223
1498
345
20160
2476
20171
20636
14359
10922
5076
20138
9842
13223
13172
13308
22286
4997
2037
14798
15634
4119
6468
7572
18823
3389
17791
2332
4293
11388
8452
22241
20849
9452
9737
14178
7656
13397
10108
5367
13187
22495
1171
3145
1205
7257
22785
5960
892
948
3448
5258
10260
7973
19082
14001
23069
6775
5234
5846
3391
21407
6987
2162
21823
5096
11303
9488
14365
7470
16784
2305
6998
1070
17475
6566
11411
19807
9879
22350
11801
17471
11056
10296
20773
19647
3259
11184
10513
522
12890
4506
5121
1421
13278
5025
361
19537
4729
1319
22025
17862
21284
19692
13929
22199
3724
40
18425
18710
11876
5859
8001
20222
14284
21391
11622
6402
15149
9606
7692
3504
8712
12324
1505
8676
7499
22684
14077
8821
9634
1952
2168
18724
11157
15117
14527
3173
12202
20898
262
18212
6126
7949
6610
22152
11615
1605
12209
9730
9405
18314
1873
15248
3011
17707
15970
8244
17975
16904
6186
12657
7996
1211
16843
21388
20162
1624
7345
15315
12617
920
15350
14833
12405
15201
8482
1722
2773
16316
7436
16948
5688
12807
205
14686
13933
16564
4362
8907
19244
2828
7163
1805
21785
11589
11336
13287
8607
15105
764
11872
17709
14757
3074
17865
2499
22285
10793
19543
4995
14480
4286
349
16879
5088
14155
18388
18668
13990
2000
2531
10192
21845
20544
16341
1871
7626
7168
14166
6699
9200
183
12897
10610
5333
7174
6953
2992
7371
18403
16840
17465
11689
1178
14499
2795
8882
8715
6771
17964
17089
7038
21054
12977
8004
8708
10467
6419
4773
6553
22625
1720
22029
6815
13481
18253
12282
5999
1101
6018
5877
2600
5726
9074
22788
22092
17673
11804
16663
23127
5056
14892
6687
18850
9404
9672
13439
4736
8516
150
17032
1693
12537
5835
9000
20550
17080
16014
20255
4242
17183
19722
6445
13033
10067
13144
21535
9774
17816
8865
3383
16918
22604
10928
21421
3576
21143
15030
19098
3565
1878
2660
2147
4445
10624
9127
6799
12845
14124
22534
14193
22913
14751
8016
2406
7058
17557
9938
16426
14071
18642
3552
9258
12685
17494
16547
2899
16083
15628
7983
13786
4633
15988
21013
4102
11044
9244
17064
11626
20187
8251
23091
17371
9868
5564
22120
11902
19164
8884
22413
6964
2367
1816
18468
8608
20292
8192
15946
20468
9131
14444
9751
21233
650
12744
19374
3567
4500
18383
8428
14236
17979
21897
20655
17170
10735
640
8951
3986
15386
12546
21765
4287
15799
8674
14600
7347
14432
10320
6134
10830
8853
5704
5573
20845
20554
18242
16752
5411
12095
14814
17694
15865
11558
14373
19478
23
3020
17730
7454
20967
10695
1064
3213
12263
14361
16263
20902
3343
9261
989
9736
21715
15372
13147
12802
10258
18063
745
11698
22014
21942
15049
18808
2525
11854
2820
21621
5984
6897
13349
8043
17556
20889
2812
19630
19230
8184
7835
17931
6603
21619
6537
17186
15738
7924
5554
15109
17631
11482
7446
16020
13764
21055
8675
18008
1439
15939
18821
11462
19812
17175
3931
22589
6805
22801
16607
2361
15752
12121
2303
12902
22220
2834
19195
19312
10962
10153
6214
4601
7788
22699
22722
15670
19014
18182
20354
17775
18243
14425
9650
18759
3009
20335
11076
2417
4134
2867
18680
2621
3539
13671
16424
11297
6646
19573
2116
4002
818
14841
20992
6111
20682
17113
2809
21109
14172
20881
19491
7594
13767
15336
12206
11742
3293
21170
2457
9358
6920
4838
4122
12800
12786
14272
5026
12672
1229
6942
19136
5294
19786
9988
783
6873
19989
5918
7952
14357
12458
9837
13792
3232
12468
22554
3639
5649
7452
89
9241
6078
14789
1282
17961
13176
21428
9760
17332
3286
17885
13598
12904
14066
2137
23134
16726
7443
12626
11834
9831
9628
16342
9448
12729
4610
23159
9259
3601
16207
11753
17111
12640
10818
5303
10710
7921
5311
14673
4905
22564
21666
19311
6448
19951
18419
107
5105
20735
15725
8640
8852
22180
6959
9130
14484
7080
6997
19565
5232
8124
9907
8599
15993
18355
6534
18843
11509
20397
4356
14802
336
17125
2536
4936
3912
12013
16863
419
12692
4315
22012
12891
10839
9196
1126
9346
19087
12140
5227
11545
18234
4548
13954
1882
5945
9597
2266
14942
7991
4147
15615
11816
21336
7851
19999
2351
8472
6171
17781
11938
11506
5229
13806
21132
23161
1717
19425
15247
22432
21114
13081
532
19971
14203
2365
10523
9993
19287
8950
16532
8749
13633
2247
1766
3687
8885
7081
16818
15844
16617
2724
1515
19326
20337
12347
5612
11611
5021
7178
4458
23117
7413
19837
4571
5241
1769
22131
15427
23033
1661
20431
13740
498
324
16158
8335
5360
4920
4990
2630
5856
17722
6131
12433
10643
18637
10399
5876
6713
22929
15045
1814
16760
17749
15981
10120
15822
1358
17599
10025
20379
15163
18054
6108
9590
1840
1511
9659
3985
6691
10877
18978
5348
20011
388
22479
3390
14804
1786
14446
21617
1643
14669
14786
15078
18649
19649
6070
890
8999
2228
5500
5292
9417
20001
13127
7198
7866
19204
16415
16490
17608
5745
3560
14829
22826
13559
21710
21116
8270
13576
9742
13058
11662
16397
185
1106
22839
7643
5080
18950
8277
13301
14764
2126
7481
947
7738
1227
11378
3452
21869
12748
1944
4730
22874
5552
21191
13231
18860
17542
19940
1028
9216
15741
9677
17652
5958
5059
11824
8936
9655
2425
12742
7495
14505
22165
8214
11768
21288
14154
21746
9248
3475
11292
23125
3590
4594
19607
13788
11669
6788
17990
20080
21462
13836
6394
16193
13953
5100
4137
13989
688
10741
1415
19272
4666
19669
21749
4005
1417
20273
4304
20656
5249
8879
20352
14731
15047
16798
19016
22380
10743
14363
14176
3150
10353
3669
12514
4421
13062
1762
22493
15530
23100
7090
15730
20238
5215
73
14270
17536
4877
3928
17459
1898
19071
19286
9952
2207
22803
19757
9610
20025
5470
17935
2511
6050
2450
12925
10046
473
731
6277
17985
3878
18153
4552
10010
14452
15477
14856
21701
428
17155
20861
1672
20045
5929
14976
6249
9617
21330
1004
10121
22658
22553
21876
3148
16408
2487
7585
13867
8188
20591
19432
18967
13199
5316
10049
4613
14310
10404
5693
11692
978
9424
9792
20392
16133
14138
21479
18259
16830
16138
5110
18595
3733
1819
10507
13467
11525
11019
21411
6887
16474
7164
6855
4659
1799
13183
15574
2676
18913
1187
12885
15070
2887
7746
2754
17445
2237
22780
1193
21868
17306
15978
19077
22298
7797
5550
12991
22179
23156
6307
8961
7309
17323
12691
21346
13760
9834
5457
7986
8600
11932
2262
9141
9799
20977
18663
20499
8202
18811
1373
5099
13606
16859
17328
12544
14906
7419
11442
21443
14707
18229
11335
19611
17038
17030
12240
2873
5396
15226
9534
2049
9853
14319
14217
20848
622
12007
12524
11256
8966
1858
11893
20610
699
18390
3327
4783
16317
20157
16729
6130
2914
15999
5676
7199
6571
15876
21076
1954
2149
18599
22230
15976
4960
9589
23090
9585
21047
20924
2381
15138
2130
17950
16096
271
896
19916
10048
4006
7748
2900
18350
20318
6817
22310
16103
21634
3411
1353
12628
3060
21348
17637
21032
3062
13482
1287
5865
13673
6667
3932
944
19356
9664
1642
9869
7338
17522
21278
2841
17870
19299
6626
5466
18634
6630
8667
6791
2917
14605
22090
22477
20749
7728
11051
2782
19488
19382
21607
14913
4344
2184
1264
21363
12330
22706
3942
15289
305
18590
10154
9782
18713
414
22387
3948
21813
13844
14335
14602
8522
15796
9187
20509
5609
7113
16303
5471
9883
18157
19069
1082
10549
9025
19799
17160
11723
20359
17083
17900
16008
16916
18386
19183
20297
9073
12946
13573
13214
235
2304
5605
1644
554
5597
3094
22964
18284
4914
19274
6152
11310
19835
7666
3996
2946
22527
13899
4030
21282
11198
9741
8056
7245
4266
11001
18691
22595
14636
13591
21228
530
11342
3180
10937
12364
6219
14487
21498
7506
7719
16780
11133
7554
1775
16810
29
17639
10190
11910
13878
5037
8101
2018
19558
3524
6725
2268
9974
11937
13724
14606
16839
9912
672
17172
13539
18784
4913
7180
21976
809
17548
197
17566
12538
1937
1877
18540
3007
4289
58
5432
3887
16132
11349
14747
2139
791
16439
18273
3645
1834
7569
7574
8539
17664
16880
15181
739
17236
20730
22675
15361
895
19443
14226
22275
11022
21467
21980
9299
14615
6634
1037
12099
22955
15196
12381
8858
20009
12958
20114
10582
13684
23035
13256
18909
10180
15735
9473
17564
9054
2554
4620
20290
9990
15193
10948
3242
14608
16339
11729
13203
18541
3406
14405
21784
19922
16940
15894
13044
16417
4148
17009
13862
17603
14701
18621
14777
16431
8965
3418
14591
16002
4179
743
7663
14932
14746
16776
22033
21339
16857
14186
22763
1279
16034
19682
10803
15720
19269
11665
19231
14711
13745
7589
20370
17434
4234
9764
3823
7133
2316
13129
15412
355
14766
6878
8922
4748
22695
22761
6053
19187
19734
9666
6649
22063
1113
9503
13837
13254
10019
3758
19849
17204
15719
18723
1753
50
8957
20060
10201
16835
13583
12093
7727
2108
21410
17164
13036
14981
3955
3283
9547
7221
17499
2762
12747
15341
13077
10340
16378
13380
12562
14358
12948
19216
2345
571
4572
16826
8551
6117
21113
6511
19051
11435
10106
22454
20606
22759
5722
10445
18833
9198
13743
2144
11417
14005
3879
3689
1032
8622
227
18276
7950
2172
14276
3512
5920
16487
6545
8746
14726
20720
1570
7280
7611
23140
20448
14782
21637
6422
7399
17545
2032
2311
23030
11751
13240
19978
517
14306
14085
7710
4375
12174
19597
883
3450
8323
152
13384
10365
8626
21953
2608
16296
17485
23089
2966
17714
6021
1432
15300
17891
13608
20134
17110
3572
1265
8826
11636
22570
475
4841
3421
10281
924
17758
38
12137
14852
7150
16099
16257
12820
17881
21726
9714
16101
11316
16867
11479
13695
13619
6533
2251
5153
5974
4874
2356
14232
11333
12752
21511
16768
4032
6652
5732
15172
8762
8806
20833
11248
11033
10531
19721
3967
6248
1452
16375
19887
11546
11508
10936
17906
12485
14340
4684
22031
5313
19337
13522
9267
1846
3557
11539
18614
1382
752
15380
12667
1803
1119
16270
5237
1773
8212
15420
2470
20070
13236
245
14442
19017
15905
2180
2941
9544
12047
6870
13799
21234
21996
9396
11455
6222
13582
12005
9660
23015
18185
13517
3756
9435
19529
2165
18254
19785
22333
2195
17299
16700
13927
1700
2481
10184
17888
421
18381
1897
14150
12886
16065
3215
19943
13011
15805
18869
1488
22715
21399
21198
2464
704
6736
20671
17086
5775
19955
3016
19926
15224
22760
10280
11186
11814
22320
8084
15521
7364
19918
11274
19301
16413
18098
2848
6809
17257
20298
15410
10321
9975
10206
18766
15598
17651
9085
17139
22440
22550
1708
4904
23131
13064
389
21947
10152
9291
8839
416
8362
12010
20839
7100
7087
12606
12819
8164
1355
8300
17049
20979
10791
10918
2377
13912
9421
17055
17568
8630
189
19078
21904
1031
4518
15239
22497
21495
12020
12635
22919
4043
22622
18755
16951
18792
7169
784
23153
16837
4168
15284
9856
17967
6848
3704
9389
806
20955
14899
21225
13247
9780
15875
13376
22999
6542
12778
21898
9700
23001
14167
5472
13952
13883
5638
20221
2982
10275
4503
13646
6240
2347
16322
9363
20123
22849
22894
17413
11350
4719
16019
13881
5590
12707
15296
16377
9237
15710
1127
3253
16817
5485
21984
21011
9859
14623
2904
14063
7998
2408
6267
2483
4403
6380
8603
16060
15504
3324
18000
6647
16098
21970
5686
18426
13370
7862
15496
9685
6891
6893
10706
6096
8352
3885
4640
19341
10575
2436
7845
18551
1843
10136
1483
13794
9921
20599
8954
13932
759
319
8681
10878
15563
16221
9106
10357
8432
9622
14808
15830
20239
4107
22382
13017
102
12846
21393
7487
2495
12084
3494
21536
19150
11939
15035
9204
22927
9516
10864
17655
6132
16639
8916
1863
4388
18856
10692
17677
19265
9370
18678
9269
5089
13972
1156
13683
14251
11625
9107
14194
10594
18101
3586
10367
22532
12445
19716
8226
14000
16504
5645
6991
15353
18423
21825
3136
1589
5528
2439
19670
20315
6910
20444
14120
19054
440
10059
20307
674
1218
20806
18837
9560
12298
12555
20726
9454
13733
446
11664
3261
3169
9356
15333
10506
12818
1548
18606
822
5453
18327
17982
12799
19881
3469
566
16886
5029
21484
6637
1386
21209
18745
12848
13682
21373
10259
18420
1393
9265
11959
7774
10158
2617
19766
15285
8175
11219
797
211
16469
10533
7283
10801
2620
1402
14864
3977
16451
7575
9350
14303
11161
17099
17779
13160
11607
22317
10061
16658
4442
11026
21770
23132
14384
22694
8067
18886
21155
8439
7524
10014
6073
22529
8526
15168
13928
19151
4431
21995
20657
6085
9663
4513
19455
20535
18398
7876
14501
3998
19536
3367
1579
15403
13009
19053
754
8847
1682
12134
8728
11775
15928
20953
8944
1033
11574
4191
16327
4855
22049
17000
22290
13800
21610
11426
3353
249
17926
20725
17710
18902
15430
1822
10287
11581
21965
7449
16517
11602
20382
11439
16778
5551
8415
9162
12602
16646
14909
15160
45
16882
770
18887
7824
293
16990
20917
7324
12771
20559
19038
6548
2818
826
1727
17698
20092
7289
16032
5140
4856
2321
19762
16427
2279
13034
18340
19694
19008
15747
478
15604
16544
16500
20888
5304
2843
2240
10008
5269
5389
506
12761
4947
14104
18753
14044
21830
13466
16956
19141
5510
99
3162
20949
4172
21901
18846
20666
13542
10335
87
9364
9040
14916
17092
12396
11681
4492
16629
14456
10344
16631
11216
7112
10086
7685
12377
3658
8682
9680
11221
21896
8250
3415
18028
15954
10859
20131
5915
14351
18450
15046
4663
2383
10270
1370
19833
13491
4865
7096
13267
7819
7137
22871
10132
13010
19914
16118
15895
19528
15001
12856
7879
15438
18848
11968
3930
13459
18141
21999
13678
5191
4108
6437
22134
13805
5947
4975
1177
5386
15382
21326
20752
5580
4794
6884
5841
22631
7461
15370
12827
1471
4192
7565
1059
17464
3972
21886
12523
22634
21208
6138
13536
12225
22159
12914
15364
3084
7048
19559
7970
6544
4690
17268
14918
3428
22164
11446
18731
4145
11234
16084
6241
1030
4461
11451
22259
20470
20158
8304
8437
11888
4883
1148
5048
16692
11400
18971
10989
8513
4912
9657
9687
16177
21912
1501
9465
4696
12797
16996
17804
6421
17801
11797
18579
6323
3502
244
13672
8818
803
22091
3870
9973
11720
19366
16127
1946
3057
13518
3785
16412
17267
18535
798
17955
3266
4062
17286
7243
8031
19350
3617
3095
12984
15646
1367
17101
13369
21115
22906
11557
8619
1105
15269
22357
4938
1715
4064
5242
1980
12969
4310
3677
3189
2170
22991
20121
19783
2039
17275
16462
20276
17233
16080
12179
13418
16359
3464
15662
19928
20127
20915
9287
3672
16398
11894
9426
3413
13895
6627
8753
18543
19861
13561
22344
2822
8548
20608
19487
1607
11227
22372
2219
1563
11999
8534
21408
13411
14633
11790
17864
11282
19726
6079
6912
5361
3471
16556
572
9150
11741
13784
16911
16704
14023
15479
14148
22319
12704
18344
17746
6378
4278
21641
9410
18938
2410
3835
1640
2269
21390
17580
6857
11735
7462
1760
6166
10891
16718
22989
19439
20482
8501
17802
22314
18853
19376
6337
7117
18123
853
7528
19285
5623
2156
9307
11038
22696
17496
13337
15757
20534
22597
21008
16963
313
11343
17136
12645
11224
5331
8401
12091
3850
14881
8835
10635
21486
1099
12629
9037
332
16747
11606
6935
15497
1046
1437
21140
19872
19177
7159
686
11947
11515
11848
4717
12086
11313
18497
15253
21037
1130
3623
11252
15936
19828
17769
5637
5863
21708
22711
173
3638
776
16253
2112
2430
19551
18001
4809
3338
1371
19574
9950
19967
16502
9279
13665
3127
10305
2355
1741
11631
6554
351
6450
13586
5756
9144
12521
8265
9365
20205
14127
4893
7136
9300
21194
5201
1111
17747
17378
14647
13218
22111
8242
18496
17337
15482
22097
12581
8781
3424
16561
12724
14219
10530
6316
4958
10481
20751
16764
12424
2069
13035
14991
10840
6280
16219
18356
8538
22828
2737
19658
4142
11604
4425
10271
6167
13388
7457
9939
17913
12293
7821
1995
23087
369
13327
19911
6429
15734
7965
21712
3820
14947
15727
11486
13939
2463
9069
11440
16059
420
18006
8357
6465
2919
3604
17956
4709
14719
5826
474
23157
4574
22126
1990
23013
18438
21673
14346
21686
5351
13155
17601
12133
11369
10077
2191
14282
9532
13251
15912
13150
17506
21351
18987
10501
14152
16605
7428
17678
5238
20225
3458
12163
8418
3700
18671
7808
10788
19617
10566
6349
20377
1456
16325
1013
13323
3600
19753
7777
10395
21327
22561
9088
16964
21214
11283
15013
9877
16982
5771
22619
17796
18946
5253
21131
1143
2265
22017
7177
12462
840
14823
10744
2604
19983
18097
14213
9882
13861
7632
4701
4573
19225
8834
18346
17375
6114
21724
13167
14201
8228
21588
1566
13860
5111
17859
20027
10371
6648
21548
20477
7715
21056
20432
17577
22700
16061
22483
19980
10381
4769
22341
18974
14083
11624
1443
4540
15807
3354
141
13979
20774
15671
3326
21665
4735
2294
19599
13909
7812
17574
2664
20737
12161
18385
17813
10991
5178
2394
23059
7305
529
3040
17863
22914
15011
13613
14050
20471
1168
15648
16758
9554
4206
13662
20852
21608
19108
10869
7175
19215
17872
20571
1804
1002
3907
12303
21122
16795
10605
8221
10831
2101
3384
19619
11132
21964
16069
22452
9920
981
16414
7287
19518
3568
21471
21856
4360
13973
22623
196
1926
7156
1478
17067
2107
4115
12159
4111
2177
4726
209
15257
2993
21436
17255
10003
2623
13543
11759
14471
20876
1226
11802
7850
910
3183
7379
22401
11338
7383
19788
20059
1451
21520
14422
12673
22410
1409
20311
22717
14951
15649
17987
7255
12190
15141
14275
18375
11370
18589
7919
13259
5247
13269
2480
10066
11380
19576
21714
13716
7571
20475
13354
1350
19375
1784
2057
22605
3806
682
15330
21945
5418
48
18132
7403
115
4109
573
18323
6206
16324
2583
16516
21796
14944
9494
10118
15581
10473
6560
1280
11014
8231
20769
10173
22937
5529
4481
11068
12231
12852
1444
11840
21698
19185
19675
13761
8654
2231
5282
2721
9213
15547
4009
17476
5054
18283
15811
8261
17215
9312
21735
2894
10769
13828
19380
19268
4144
14133
4501
15356
17012
13819
1639
2738
19975
2418
6681
3851
10495
16294
15864
21357
5906
21879
4233
312
12801
8955
11512
5211
5195
15457
7958
3429
4284
845
1564
1677
17335
16013
8444
10000
11066
16272
10638
6829
10778
11183
21991
6811
15764
1023
5592
2971
18928
7225
21466
5491
15959
10816
2402
10269
13797
12598
4637
11534
11163
7365
16672
13749
15326
12701
8790
15139
3262
20479
5108
20984
3896
12697
21418
22337
5117
8935
254
14421
5433
19219
3673
9033
4214
6973
16467
18374
9599
11049
2769
19024
19121
4930
11109
16624
12501
17229
16067
22729
19329
4177
742
15029
14264
17052
11094
8384
6559
1943
15449
17996
22733
19458
940
7046
15148
5147
13595
4918
21213
4406
6949
10857
1742
11825
7830
16551
18131
10514
12030
1062
16268
13552
17679
8891
2985
13403
16929
10956
4983
17532
3456
10559
4483
18199
1783
15513
6598
13851
2564
14655
4884
9004
15114
12279
1961
1136
9058
6927
8698
14607
4188
12241
16679
21342
5387
21957
15203
6046
181
4057
16870
13710
21318
4631
11473
10294
12055
22918
6546
5611
13348
5850
9156
11993
18781
19351
11727
8042
12487
13195
4405
17057
15225
14211
6970
8460
8725
17498
9865
17699
11448
4592
18943
10064
13999
16416
4471
7541
17386
6665
4232
19157
104
20965
8271
16155
4330
19897
15945
18290
14510
22626
16051
10719
2114
4001
7531
10492
18169
21871
21295
14917
20850
12322
13886
3726
10698
20689
1017
9642
2714
13414
22629
15040
7254
476
10463
12684
15301
22458
17619
12596
6584
22398
1477
6905
3676
12181
14925
1273
11240
8976
3399
9235
3118
3301
95
18093
9163
15137
13347
13617
14256
12368
22960
65
10973
4626
14761
18672
11927
7328
13556
14233
18493
9247
1815
16220
15264
18885
18751
21534
13485
13865
20664
7699
11254
9734
8065
18799
2291
17805
17443
5940
15093
4852
22240
10097
7498
22584
14946
13120
13801
12226
8741
8078
4499
970
7294
17421
2739
11955
20172
22501
17291
3529
11302
7619
7934
4590
14662
3015
8580
3042
19598
21218
10182
14503
11789
8118
20921
4498
21571
15054
18272
9039
17855
14867
10172
19594
10497
614
19616
7298
10768
12662
17877
14713
14188
7579
12003
15428
9183
17158
8468
10029
19969
5749
20653
10126
17995
13152
1575
7623
11954
11142
6071
10323
5639
15461
11985
11588
3837
18168
306
3780
13596
17419
11675
2370
140
13322
19892
12344
15431
22463
5672
16269
9826
13976
3990
136
17116
14896
11620
18568
8408
5276
21599
20561
10765
21451
17907
16548
3734
13833
10968
16616
4547
21302
10708
14296
8177
10222
14835
20043
5484
2594
7896
2078
5917
2736
3847
5604
12198
2093
22022
17331
10425
7955
20540
7548
8099
5370
11883
8586
15597
9519
10072
20016
20659
18991
21340
16456
19549
15426
16773
6037
6205
5861
3825
22970
16735
7946
20632
17909
13324
15218
12533
51
16392
4077
16126
2611
11075
11623
10782
16170
12853
18805
21729
16569
11762
12273
22500
3696
9949
2196
2640
22787
19676
3923
2558
18722
9548
21847
16802
17462
9172
11633
3592
10276
8717
4570
15516
21158
17129
19731
9958
18647
4986
12796
10272
15154
12721
16595
9097
21166
2263
19846
4582
13359
16815
1947
10709
17452
16557
1567
14706
2740
11364
19870
602
21249
226
12895
17407
12805
14003
4812
14866
1424
2629
9441
12507
6679
16625
5792
10540
3043
10056
10052
2912
6612
9749
12792
926
19560
7787
17343
10055
2352
796
3888
5969
20583
6786
18280
15381
20860
14431
17036
2117
12579
15517
10923
4707
19710
21021
16452
18463
19934
20185
14939
4580
18617
20369
2432
14847
18440
12718
9295
8397
14878
15422
22266
18841
15143
3903
18072
18797
7733
16512
20395
837
17636
8054
11670
3867
19582
22576
22854
337
4209
9418
4713
12479
5011
1069
16343
5062
14977
13355
16308
831
12999
10364
22189
7207
1550
13893
7323
19434
10488
605
15073
14013
4322
7439
9176
7252
11185
19209
11678
20803
11535
16978
1484
14872
4409
3728
6722
6441
2513
15077
261
317
4355
15733
15310
22600
91
22709
2537
3769
9026
4680
19859
17538
10303
14889
1745
22656
5246
18480
5824
5106
8272
12595
5654
15620
9433
19000
17385
2146
6218
21210
15119
5015
17628
17318
13854
21921
10718
1408
4657
20990
10342
13338
9852
12262
2189
1461
6107
22928
17211
3269
22108
13193
16062
20958
23011
8558
18367
16472
16552
5966
12440
14894
11200
2111
18651
19128
20450
3797
20033
20592
22245
8776
12195
15849
2341
2131
1147
8734
11414
17630
15028
13208
1752
14650
5972
2918
13253
3052
9740
7532
18318
21920
14810
6806
21740
22558
14314
12316
9327
11565
1352
4094
6847
20609
20964
6940
22418
11575
19960
17682
6607
15686
671
14160
19827
5373
683
16820
21674
16393
10996
20798
19618
18019
9457
14349
15004
15009
282
10200
22608
13879
8827
14184
2284
3137
19514
21631
12359
8863
9904
1757
17579
1629
17190
15644
19397
6332
12438
19889
13350
2515
3569
22045
6077
5985
21222
18910
14390
17023
22641
14700
28
5976
6260
18361
8845
6825
15377
558
18704
10715
12034
16673
22303
4830
11138
21906
7791
13048
3478
21690
1224
10881
17612
613
20234
811
9583
1379
16994
5980
11724
14984
19084
4761
11629
6080
5023
16178
18639
21556
17281
14323
14181
8038
20928
20075
21584
22782
7051
21586
21169
9001
11836
2742
9192
6660
2278
10285
13321
4511
9800
22556
10887
15219
6493
1307
6831
11175
7384
11258
8402
20560
2891
10475
11503
8330
19305
12963
10570
10461
22302
10034
10914
6716
3167
17308
14130
10057
17893
16592
22470
20871
14140
2376
18696
4864
21590
16578
8205
2601
22779
11034
4861
358
3712
19774
10111
20515
1749
927
14169
2142
14989
15652
14460
7040
19213
13396
11704
12625
18235
748
17427
15107
9229
10955
3643
20213
3924
13791
2565
9414
7833
667
11666
22649
17501
4996
17918
16736
6937
5899
7010
17094
17919
4648
8739
6583
481
12423
10726
11543
2990
10879
10088
11166
6575
19297
21742
12280
9594
13277
13742
6194
23037
788
7469
11711
16036
2246
4319
1641
8233
7380
5189
13661
9021
20076
6254
19298
17795
1788
17940
12656
6988
8491
15374
22931
10602
4050
22811
12594
5001
20031
20313
19942
2204
7772
7094
9371
10611
3596
18925
15490
2780
19360
17974
1239
6596
21128
339
12269
7914
4336
888
13341
1913
10731
17258
12909
17986
9819
11384
2479
8894
20717
3988
13130
15643
14759
1248
18349
7795
18891
8843
11520
12186
7803
18717
13941
7568
9467
7268
22596
9735
21192
8307
5192
11420
3788
13118
22051
13022
21954
16761
13894
14803
19099
210
23104
8611
2260
19556
3431
5487
10691
21118
16223
14877
19834
10777
16763
7229
17517
6275
10446
8312
9108
21580
16217
8480
13563
13185
12407
19497
14873
8902
5165
17348
1522
21699
10186
8727
14254
7887
13873
5382
22197
2335
10417
11045
18186
18002
21304
15607
20692
4211
20690
22193
10807
3351
6975
495
20434
2323
18031
5392
1200
19342
22502
3684
12308
2366
11453
13299
3920
12910
14439
2718
21417
6424
16141
10974
9429
17860
12255
14621
13007
11167
9615
13686
18305
20887
10477
7378
19092
4760
824
23040
2547
9569
292
11017
5228
6052
2378
16493
11796
1910
3909
5456
14318
2249
6255
17167
3446
9380
16844
5997
5998
14671
1653
848
1157
7357
426
9020
21967
11917
8745
20022
264
8873
3886
18448
17755
23137
10119
281
23053
2591
22655
2892
15478
22704
6043
8893
16519
19477
15537
1320
1868
3051
9727
21331
3108
8466
19261
17826
11591
5512
3831
13146
14350
15518
6981
10548
12551
11668
6818
9065
6499
7725
5251
23065
19994
17850
16108
228
23027
11821
22866
17058
5286
15396
21461
15127
3883
23064
14938
9142
1458
22422
5042
1278
14967
6641
20855
17152
7944
8800
2944
18999
4037
1182
22211
5012
19229
17222
15792
3496
13392
16186
21522
21508
10238
16528
22719
4558
19139
20576
2785
10326
12343
1096
5501
14472
5200
22751
15031
3306
14735
21038
10134
9500
20400
510
16409
13365
7994
14999
11464
4643
3282
10603
18164
21306
9638
12985
7277
12488
2336
5503
7251
2517
15867
7231
18397
8052
2333
7858
10696
4917
20520
10983
7790
22109
22598
19728
6552
13750
15362
17207
6133
6207
990
4217
1240
13137
11738
9991
10137
4473
1173
14828
21583
11699
2440
19276
10355
11884
13551
16468
17063
4512
20530
2081
12232
4556
2933
19854
21741
9753
812
7951
8425
11566
12526
18737
21223
7410
3202
17744
4325
13852
22873
13845
10426
7889
18244
19288
16335
16340
4636
4541
19919
2771
2401
17050
17590
15902
3587
22407
3206
5795
15089
908
11811
12907
18592
14075
4967
4751
8198
22181
12286
7863
18064
9833
21960
16390
1885
12824
10075
9618
5385
16391
19323
6705
7291
509
9087
19148
20385
20317
18849
16883
22157
15684
8819
757
8007
20349
8367
13429
13907
12251
10761
6950
20283
2056
14541
15637
14469
19845
8341
2574
22419
8555
1128
2313
17581
10617
12211
3782
720
18785
10591
851
14565
5892
19667
7375
10561
5052
1583
100
11127
396
22030
15578
1223
9665
19572
16476
16574
19062
304
22966
22006
1664
10306
7344
630
22615
20996
13401
16884
8400
12931
5703
6710
8701
11309
6653
12404
22016
18489
19325
21771
12183
14378
4652
21861
8874
6640
6162
3531
11690
15552
11737
14466
21200
7655
4200
1660
17933
1532
10427
14279
19917
3849
12352
4754
8820
6761
15786
9464
14809
15525
17972
11672
16816
2727
3377
10707
3501
15144
221
3866
8123
5493
22252
10903
3388
7839
12041
4377
1357
14171
14224
16691
18656
13669
8803
15131
22313
2543
20462
2578
16573
2222
10341
815
4534
13496
6388
12400
7926
4857
14754
7468
2489
5723
9412
112
12906
10510
1714
11569
22581
4611
22882
16913
17799
17209
11267
5705
4420
1911
5656
22979
20728
863
8755
1316
1656
13188
22560
7756
3402
10935
20220
22145
19555
18951
19263
12663
23072
16281
9118
22557
3853
4973
13519
18135
9926
2194
8971
12840
20834
6479
8705
965
21298
1086
139
21655
5109
19368
18150
12779
21007
23118
7844
10402
2713
923
12490
17178
3868
4486
3490
14695
12216
10910
9048
16782
15654
9562
13476
12235
15100
2138
1165
7212
155
21320
14467
3240
12318
23085
15008
527
12568
13413
16498
507
11676
13041
9787
9669
12365
12664
497
12658
5113
2492
14331
6839
21807
7731
13031
13233
5547
15447
13140
12794
6211
20472
11311
14919
15795
9596
7162
4411
11111
22232
4075
12556
9667
5174
4042
14656
10382
22103
22288
21051
8305
2972
9917
15173
8848
17977
8660
11433
7460
10142
6631
8241
14629
12045
12067
10945
39
15012
6501
14337
16971
18597
15682
1875
13241
13422
3509
21068
6056
6720
17044
3882
18961
13325
866
4298
10460
6250
20672
22084
9511
18546
22057
13374
9886
3671
2589
1020
710
4069
15111
17482
14185
3098
22926
12618
8147
5624
6574
5895
15232
456
18286
5979
22547
21579
9863
9802
11971
12450
5707
22182
14831
15122
20014
22864
1800
5527
17248
14488
7071
18653
4341
64
22269
21750
10235
7478
21465
8547
8100
11331
9386
2929
20421
21774
2947
10975
7091
10687
14159
6676
17114
14837
21718
20907
19103
2309
10001
18315
20935
20036
17349
2704
2271
18144
15588
18313
10262
11540
10779
14056
11996
15570
4530
1776
6834
22916
15121
8582
10890
12905
1732
584
21029
9671
216
8274
5687
12399
12022
7217
15495
14634
3745
7316
10409
1036
7421
7640
14058
1874
4059
17609
3229
6686
16753
20108
2915
705
16009
995
3045
12111
20956
18772
10703
16142
6715
7247
16271
1041
17199
3650
22044
3830
5698
5630
1238
222
19920
15951
18408
6328
18842
2759
493
5427
191
10277
23008
18632
8696
13631
19327
13306
22666
8463
14098
15306
6664
23145
5608
8063
14883
11192
1504
2760
2013
19648
23160
14283
7388
19865
5417
10796
10265
11521
3366
3755
20757
4944
9436
1185
11427
21063
19939
21936
20258
21300
594
12593
766
12740
14516
3585
8005
11835
10390
21738
7370
10724
16432
22370
3419
10716
16056
16993
9902
1145
2991
3899
10762
12171
15421
18524
1626
5419
21014
11016
6391
2954
10030
13357
22119
18266
4455
3764
3772
604
10157
4475
7467
22405
4908
17165
12957
7493
4654
19538
16068
11793
2999
17527
5562
233
16703
4710
2872
16805
16779
16081
6564
21528
14086
19399
18292
7641
22552
17525
7432
8280
13839
4675
20485
17447
8629
93
16029
997
14846
9515
20338
10198
2977
14100
19681
1276
10105
214
8039
4045
11933
10871
15512
12950
47
17319
14195
5910
4768
6842
22292
16722
5619
10652
12384
11647
1016
19796
19485
8789
22019
21066
10681
3125
6746
2358
9137
16856
33
12642
288
346
14875
16181
6822
8723
12340
22283
5223
18963
4529
14574
11856
14437
14126
2084
19997
21087
3198
4157
7596
20015
18255
6763
7860
17815
17876
19938
5921
19730
13019
3005
120
22055
891
13470
14970
20611
3551
7143
15080
53
19259
5391
5646
8898
12224
12559
14376
5818
14870
10490
14477
13680
18465
11803
5816
8246
16627
2206
10771
3651
20453
7920
7041
16928
61
833
4940
13738
22542
13974
18993
3482
15481
4847
22053
17381
6576
14007
19465
17852
14773
12974
16510
14795
12482
18567
315
3995
12060
3427
18407
21444
13525
21744
13720
7190
18666
8085
21106
11383
10095
9484
9812
10565
5544
11945
17725
19413
17418
7496
3292
6565
4545
10675
12585
1736
16450
14523
4869
18740
12682
157
26
15922
14113
22200
17388
21728
22221
3013
21242
15659
10092
20326
17249
10255
1093
12389
11178
7016
11783
4141
16612
20105
19444
14242
213
14408
14972
3017
7703
9961
15293
8512
2020
1481
4935
20817
15562
17470
8471
17363
20327
2717
3535
17410
18613
14121
21950
5053
8153
18197
19738
17567
17491
7172
20389
4885
13194
19927
2153
14238
17298
11983
3593
22986
13102
16089
297
15273
8804
10236
9281
19111
199
2552
3340
10512
16224
22504
15492
15910
7326
17523
22642
17739
9944
15106
6031
16167
11806
10081
17728
13588
12536
22144
13257
14728
15612
22934
19750
7197
21060
3507
16168
8131
14611
20069
8193
12000
13821
7915
18161
6668
11879
14234
66
13436
4537
17507
5428
20698
8481
13829
10439
3204
21092
6589
19970
22732
10208
18045
17928
8024
12943
1283
3692
15186
15871
8148
1684
7307
1973
20357
9342
16104
2602
371
10908
4705
18566
17177
19732
726
2654
5296
18969
10377
7359
7108
3378
9934
21323
5991
12823
20756
19226
18582
3877
6922
10645
16606
5325
11660
23142
11530
17250
18966
15963
18482
4753
9967
20019
18048
16976
21629
4023
4184
16640
15063
5830
7202
10074
9611
758
1095
3025
6228
6187
10500
20117
6010
16475
19270
1901
3740
2859
12607
22270
8707
19742
5773
18763
13572
14779
17107
175
6642
386
21337
22168
13381
8278
8713
11490
11347
16847
2743
22806
18729
8537
11301
1809
15899
13282
18200
13831
8968
17602
11356
6384
15254
2618
5421
4398
8718
4410
22042
11613
14407
22005
8309
13870
9811
13186
6738
10555
19584
6253
71
633
14413
19028
8199
20129
7888
19789
3725
18667
7674
1300
13554
19159
9343
11886
9566
6000
568
14540
17718
17733
3010
259
19965
21189
6019
1313
6629
21801
17874
11598
20416
21292
284
3186
7693
19258
3612
16667
869
11259
17921
21762
2097
401
4988
6154
13335
19900
5285
18918
7473
5751
10087
7898
19065
15142
1107
16952
21126
12817
22375
10817
10883
14575
10827
19384
14345
6097
2443
14117
75
22639
11041
11765
20699
18674
5302
23128
22071
13490
320
12917
13225
16979
4749
11460
7576
19324
10895
125
5236
4846
19578
13890
6482
7897
3398
20937
1161
21820
7033
7702
3804
3053
1502
17589
19252
3140
17696
1214
17205
9186
2103
7321
6586
16531
9032
12754
15839
6986
9110
20634
22832
7673
8047
16050
16373
20658
15171
19080
14377
21768
17468
14496
3065
4889
6262
20210
3591
9721
8729
4495
11096
16064
5460
20691
14457
3865
12234
2974
21386
22693
11307
17941
4559
19524
21723
22692
8094
13386
14805
16399
7969
11905
6457
4515
2496
22420
23055
22506
19418
12681
12239
6476
5322
16355
9999
19699
14737
7465
18779
16653
8105
4790
18457
18317
4718
14215
11434
18878
2160
18065
11861
9293
13455
14017
6141
21693
22371
877
16054
13239
19137
13499
9609
9043
22172
13423
20063
972
15258
21146
4882
21275
16958
6022
2665
9466
6507
23155
1529
2694
14657
11845
4440
10288
19110
17938
22902
11846
2094
22353
10873
4806
15924
22301
1018
10319
19390
3675
19973
10266
7286
6302
492
18170
3843
16053
19800
12830
19580
2924
9626
18525
18851
21574
16459
16326
17591
15164
18547
2357
21913
2384
8665
7395
20346
11070
2530
21473
4087
247
8240
15191
18904
9249
18302
16793
7005
18055
4808
3067
3632
17357
8946
22637
15605
19143
4927
16937
22971
11137
7741
2161
13908
21521
9829
15704
17653
1829
1538
22067
9266
5431
14807
12461
21070
22712
20626
9423
22802
7768
17748
538
18911
11907
21683
6709
15944
8414
5964
16755
9313
21246
8919
15636
10896
21000
5867
2404
19941
10876
7669
4992
5295
59
3493
22845
105
8564
882
12136
17627
21392
13675
3278
15664
11279
21510
3311
7522
5593
14079
9123
4186
6639
22443
1688
9292
15316
22551
646
10195
21863
15491
22261
850
20198
8049
21041
2723
10947
16171
15006
762
3195
22961
6477
17221
10043
15567
16942
23151
13448
18986
6227
1356
17391
3443
1921
5563
18333
1411
2764
7551
466
7612
2945
11524
22727
18134
15929
10952
16043
8389
7628
10522
10215
13483
21142
21846
4519
18357
8716
6170
17479
8983
5791
19593
22938
19765
1011
2320
8220
11621
10457
46
874
8807
22484
8822
20875
16328
12397
16546
1389
3037
4625
12168
16318
22175
15025
18718
14096
8761
10226
10927
20104
15279
19662
4019
5875
4290
14799
12730
9729
3379
1348
2789
17923
5626
7745
12765
19910
1824
9992
15097
835
22893
9512
13961
22592
9319
9368
15344
10129
14553
22323
18633
12048
10336
6060
430
20037
21434
12187
13468
5741
20170
3922
6989
4331
14311
6908
21276
22256
22355
2460
20367
14134
22169
15220
19475
8521
9731
6478
10795
5262
16478
3288
7127
23039
577
23138
9892
21012
16420
1338
842
13875
8028
10629
18505
10828
22857
14019
4888
1553
11844
12851
8327
15175
180
1933
12288
17035
21423
3519
7000
10824
14960
10156
4970
11229
7627
22538
12287
12808
5352
2451
2414
20358
6049
14796
16284
6767
4376
1174
875
9927
5378
8889
22612
2387
5970
10683
5574
20451
22950
1516
22998
16536
8173
5384
6344
10919
8324
19964
8489
17878
253
6617
8493
4332
356
16807
4150
19755
20619
3160
19691
1706
6521
5137
20325
14028
6331
20825
21648
19652
16822
2949
16983
12770
9929
6366
12054
18433
10141
19998
1290
460
21316
17133
21849
21157
8492
14818
20412
8767
1135
547
11550
13197
2182
15942
12934
8658
20473
11911
2310
10068
9564
13564
1051
4248
19601
4700
18211
7355
11408
513
1870
9889
3506
9076
590
7785
6718
816
999
20548
15540
22021
16092
9374
14342
10569
19575
17075
8833
16031
15346
8167
9138
22487
1189
14383
21454
15746
3935
16832
11502
20021
20304
14998
16145
1486
3839
4068
5289
16919
225
19007
12586
14170
2963
9271
10189
4539
8364
18793
2235
10658
22352
6256
1935
21504
22140
6035
22166
3619
13717
5622
14354
21554
8985
8429
15340
20438
11039
8752
8485
4766
393
16429
10861
7336
22654
793
5443
19996
16896
8631
7418
12623
13351
5318
4124
13667
7705
6765
9639
18616
16395
19850
7634
2360
15593
6257
1153
10430
7494
5812
20810
6821
17017
15984
18935
8758
9818
16005
16525
14582
7783
18191
22925
20670
4587
17531
11791
21080
18
11090
278
22980
19787
5774
18041
17118
8207
13202
2845
14105
14675
1260
18809
8224
15394
14149
20714
15268
8079
11207
9808
2067
8638
21195
22435
12749
2145
16977
14338
2395
11511
2342
12315
10308
12503
19189
7676
13266
16454
19249
22376
1449
1271
4555
18630
12855
20787
14509
18487
3934
10578
19091
3862
16610
18342
14441
6688
15859
18861
10114
5837
6242
20418
22234
21893
8678
19181
13544
6943
13790
19898
6753
22957
9911
6471
6633
15015
14581
1008
13061
21794
5819
9165
3718
14428
11815
3754
13305
18260
21090
1268
20780
16583
5938
12158
8990
19036
11648
19029
20440
17241
22846
22354
22449
19328
15056
18583
9857
7035
15176
15423
6916
2538
11191
22668
19523
14588
9422
8652
6750
15667
9321
1310
3679
14784
5257
599
7873
10780
20704
8702
22840
10099
4974
11960
16575
31
21540
18230
13420
10211
20189
2120
13843
7867
21179
80
17971
13003
9254
1698
6192
2652
5647
10951
5112
23129
9720
10838
3508
14811
14537
6485
15897
12923
1231
9113
2514
2989
6620
7394
1337
22397
10926
10547
15873
2077
16808
19346
1880
3405
19362
14353
10168
3313
4969
16282
4641
12696
15614
11375
5017
2797
23060
12558
1381
7883
22946
13480
15227
12027
6573
20884
5008
5673
8213
2382
15366
1056
3713
18130
7276
16211
15781
4835
16443
16714
3581
3251
13691
19901
11372
14863
14518
2921
18117
9479
21755
2710
9376
15828
21862
13810
4704
10949
16024
8706
9214
13746
3749
18204
4987
10291
3953
8387
2498
4139
17790
16553
450
10550
20794
13270
17282
12325
801
10847
12082
11093
6363
14698
22024
21313
22099
795
6005
1991
7639
10100
19227
21329
9936
4146
2490
5946
12491
22271
10243
3523
3233
13362
7600
17688
16381
16902
20793
5490
10454
18502
20442
18839
14062
6348
16129
2692
21640
22921
22977
7761
17840
15265
23149
12257
2115
14820
16961
8610
17756
21406
17640
4878
17021
17262
19638
1429
3872
20435
12839
14163
22737
16146
17771
9773
9696
11497
12152
22586
17127
5715
14592
19585
4162
713
5968
17607
20939
1215
19775
4564
17551
14956
4282
7369
17179
4800
3087
19161
9278
723
22821
14041
13410
7988
17594
10736
14191
3999
12787
7147
17920
17757
22299
7724
4776
18901
16888
12811
5507
8549
3708
20669
7786
18412
738
10589
12809
9855
20214
14787
13931
22441
20631
4226
2549
16513
8204
12320
9221
2245
15260
13533
18669
11206
21789
20792
10826
13581
3628
4080
4963
1968
6957
16350
13869
9427
15406
22260
20174
19944
17362
9662
5423
20173
5700
10990
8969
19702
13835
18688
22994
18888
20696
11071
4608
3289
23066
20709
20896
15728
10007
4151
10128
13379
4047
20085
2832
22996
13752
21119
11616
19562
9100
5737
17015
12751
10038
19218
1094
6427
16386
12436
13712
22412
6861
6215
2874
22219
9738
20971
10739
2076
21652
13271
2264
18192
3688
13069
20633
22575
20336
4049
10599
16040
21903
11551
11826
8856
19457
21285
7588
5451
9726
22726
2931
5777
8947
14936
4225
18267
17936
1256
15395
11561
750
1860
22764
5565
15146
21824
7841
21111
546
17968
18044
14677
8799
13029
12037
3971
9832
1035
9105
6556
22643
5092
3099
2133
10552
4599
21183
14740
18564
15660
9702
9006
1794
11931
13169
2230
13802
7206
1329
2006
19246
1604
15262
4616
3954
10773
19188
10060
8191
17670
9157
11212
733
19532
18257
20155
18194
18709
22338
16708
23031
3698
1365
8112
13180
21763
3541
7249
21251
1416
6684
12222
19689
22901
6712
3894
22855
10193
20868
15583
21613
5595
15460
5182
6392
3055
22757
17610
23032
17368
19896
15354
2070
4465
2413
12921
16442
1609
16744
20531
1524
808
19723
16751
18577
18714
14771
7553
18103
18149
13565
5520
703
7230
13333
1613
10196
11880
21963
14577
700
1692
9056
15126
6054
7129
22630
20381
20940
3220
22040
14928
5923
15466
20788
20643
17346
10253
16473
16407
16681
5585
14785
10858
6395
11080
19903
19224
76
13261
1519
16980
8436
1027
6357
19701
21375
6516
4921
13923
17458
13713
17505
10432
19403
20590
864
19841
8680
8465
10608
13649
12577
8018
12604
16601
7477
15360
11121
17317
2178
20521
18807
19427
22765
23028
9139
17963
1965
994
18998
10412
19452
18213
16195
9781
22990
14904
10145
7327
19191
22594
21360
11275
19027
3618
6128
20390
7618
2643
3822
18769
2909
11784
3646
10293
8632
9875
11667
3470
21291
22015
16986
17295
4678
13106
13772
17424
13352
16580
8646
5326
20639
6982
19147
17663
21359
1759
13718
18922
2980
11639
13901
18620
8061
959
3350
6614
15086
6425
12951
8597
4819
15325
9280
12115
11652
15235
11280
11554
12578
2698
1305
19179
1146
21496
15641
10802
1314
7762
20423
19754
2255
6714
21254
7215
724
1006
20539
12170
13358
6087
17894
19171
22147
10414
5308
9324
15986
13521
1932
12311
17256
15072
5831
14502
22930
17314
12620
7044
20926
5939
21003
20393
5044
5785
6420
5219
18258
7472
19661
5582
2553
4484
13853
2063
16139
7796
22242
14142
21034
5695
8331
18090
15092
13640
4939
10422
22457
22805
8260
19093
14004
6600
20077
10633
9986
3774
541
20355
10250
1010
7241
8449
11012
12201
20066
22548
11517
9651
5825
10812
18250
13513
364
9109
2981
21946
16411
5420
18852
21866
1242
7992
19131
21002
3666
11800
16924
11580
3800
9794
10774
5265
21844
7332
14874
9707
14046
1216
12993
18106
23077
12815
459
653
11577
14586
3003
4351
666
21808
9228
3323
1404
6266
2903
8344
5307
20144
2824
10232
22978
5222
11147
14722
16214
13089
20916
12698
20665
15685
2163
21216
899
10543
18681
15132
7301
13688
1166
23041
3146
18022
21245
5879
11725
9246
6137
7239
17903
9801
22859
10521
5344
11523
14035
4358
15569
16499
8815
6693
18593
1396
22540
5194
20918
4946
2656
17585
6928
10442
7621
18875
15110
2878
15647
15245
3858
5013
21138
22346
11877
15632
6321
1866
13493
5073
5898
17182
3884
19921
21458
463
22142
15885
3077
21565
9553
3079
18416
16134
18105
7750
14302
9451
18021
19013
22633
1124
22249
18899
5172
5030
8593
7306
15096
6933
18222
21176
11321
11060
6833
6999
14858
15019
14459
6832
4052
4133
1679
453
1476
5175
11251
21531
7793
13433
22738
10037
1751
1122
1169
3532
19253
8296
18750
8136
108
14033
17615
17292
1986
1924
4551
18771
22213
22185
10733
17897
17508
10179
12713
6343
19052
21442
16654
7602
20621
17552
2881
12608
20566
7799
2661
9491
19628
16266
18095
10351
16720
17716
1175
21073
7182
32
5941
6180
1049
373
17942
21459
9791
14971
2519
1632
1438
12349
12036
10606
5168
20098
2227
15453
21353
11841
13151
10078
4276
1328
11750
12113
8570
1622
18180
11190
11715
1917
19695
5994
16827
6226
16449
18725
20525
1705
9132
12847
12360
19527
15923
22214
18162
22836
10601
17583
7195
2885
8470
8219
819
7101
21968
3416
11140
482
11603
18884
21079
22892
15241
9381
756
4989
5783
12015
7775
12862
4046
556
22444
15952
21098
3607
20191
20323
15271
6030
4840
986
294
19289
7878
11605
13997
9135
3230
3542
20030
4207
15674
20920
1889
21450
16362
18741
15596
22280
17333
7649
21831
385
17429
10813
12138
12477
4182
21543
11755
3944
4524
14926
4832
22563
3153
5218
4166
691
18288
18281
22224
22825
18226
15842
17916
11587
17098
8760
8771
16163
2371
6803
11867
5533
21852
20383
12008
21432
20681
19869
17315
455
18413
3499
4430
13771
15027
2106
18664
12901
14430
8072
18923
19086
1558
1841
8340
3629
10202
3859
7957
10214
12391
489
21419
3786
4628
5188
18791
8737
343
971
22343
9428
6880
18776
14235
1979
16559
12464
22988
9378
1112
13753
5183
18298
17752
20968
22438
8379
20624
5416
11432
1167
865
1740
18534
13735
1180
22202
21001
8138
14988
1401
9308
12467
1055
22993
1770
3802
19379
18430
12652
10174
7695
16987
10905
10712
5291
12185
10742
22545
3119
3133
3290
8664
4658
402
5127
5207
17313
14115
19442
9908
17824
20802
9509
14745
7270
3966
22367
9227
123
929
19507
6946
19046
2886
8505
10663
5736
9763
17274
19720
17157
10159
22464
9709
3653
18742
21679
18125
21620
16823
2734
5625
12998
121
12362
15136
12980
5473
6599
12552
4837
5581
4770
2442
2308
5739
17704
496
12734
22516
12759
22903
22316
7311
14860
10644
14042
12857
6116
18529
21402
14027
4966
21986
10155
19906
2043
17539
5596
15642
11158
7352
10917
16522
2955
21088
22450
17359
16228
21988
11108
12122
10648
17823
3355
12983
1645
15687
14294
18509
21305
4470
5797
598
5883
14237
22455
295
22865
3969
12795
23119
8406
2527
2559
7387
14765
680
7122
9850
1983
4629
15655
1637
310
3143
10657
707
4382
13914
13793
17830
4413
1426
16724
21485
15511
3685
9351
19733
2956
13249
114
10441
18299
6318
20712
17416
11549
3103
17657
20723
8474
8029
16668
458
163
19041
22976
2267
11211
8770
17914
22923
22096
23081
1634
10745
14065
13884
20582
13391
276
9625
22512
20579
21743
1447
13789
17723
9302
2788
18296
18744
8772
22148
19622
21039
21078
6563
13363
8420
2187
7990
5469
13105
10104
7586
7859
9644
20811
16160
13647
7798
11758
5437
7688
16144
19700
14324
20781
17091
11900
20065
19541
16025
20989
18516
20343
18962
5033
20528
6157
17239
20233
4456
17905
6176
16152
18818
22541
6217
11351
19026
12214
5782
8178
4805
12506
7670
17284
9333
22037
2935
3918
8956
19113
3104
21919
19042
8523
20282
14147
10170
3091
18039
7339
11828
22985
11171
15947
11946
19882
18518
6755
21448
5271
9778
16981
22941
8568
16222
8194
7608
18906
16710
16917
20458
13289
12835
14609
6091
18121
5740
10330
13142
13400
22995
9520
16577
10191
14674
19600
3497
619
17770
6243
20805
4246
16423
7540
20067
4426
14362
2666
19698
10261
17838
9527
21721
9766
12323
7065
19129
20963
16619
20705
18866
18225
7055
5526
1850
9728
7843
8783
4338
5532
11745
14667
133
6733
11268
8413
17837
22519
10140
21112
18985
2390
10969
17686
17181
23042
10469
4772
19795
11650
17003
6373
1195
7284
9119
1029
8904
14090
22293
17366
16922
13329
3983
19554
15204
3705
13520
7838
22713
9398
16709
1336
10248
12674
14816
1241
20695
23007
14208
3620
8689
3697
3793
13757
18712
16737
20419
5779
8953
17875
17428
13601
528
6106
20404
8720
12580
11496
1066
9140
21891
7684
22672
2396
2459
17412
22651
18697
4758
3808
3124
11470
8722
3412
20983
9151
21271
14903
15419
19450
18927
13850
21378
3626
1582
12705
13128
10509
3652
17356
9605
19283
20517
230
18082
10230
18908
9008
4249
19357
4665
11098
20948
19416
2454
20782
19210
8754
13209
15365
10479
6814
14961
8656
7811
5474
16226
4096
11774
4712
19992
21753
13964
3352
7925
7546
4867
14228
8851
21449
14367
5653
5742
21139
4237
279
8929
3142
10541
20247
20466
1675
15773
2083
12443
12962
18467
13967
13068
12813
10842
16482
11708
12142
12971
5435
6808
19876
22141
15713
14374
16494
13067
15476
16010
18027
11374
2068
15810
589
1812
18091
7794
905
8906
21834
16321
17174
18690
5245
5366
13111
14281
20116
19794
6780
10970
19501
15391
14571
657
8301
17503
13940
15690
13162
8227
4603
20770
2285
6165
5662
6094
17283
11962
21120
20229
19441
749
8430
15791
10562
11115
6044
18936
20641
658
22820
15328
22389
21626
4660
9881
2229
13935
8378
1172
18393
16657
20716
15814
14352
6766
1344
7691
9588
1593
16852
3514
21926
7267
299
12266
5789
15155
2193
22662
13834
3577
19094
13141
1255
18289
42
7244
17192
14610
13005
16130
20196
15812
10453
2951
4738
17171
1890
2047
9
6663
6288
12750
15263
1292
17504
4688
19484
1703
14129
20154
22151
21530
22113
20237
19751
341
3071
2455
322
13657
10331
2772
827
8223
20429
3991
6381
11781
18143
21938
23044
13621
11286
16845
8283
3580
11288
9496
5499
17546
17377
451
15672
13702
1448
7001
22718
20118
8196
9602
16289
3515
861
15266
7201
11882
2813
13609
7275
7350
20614
4187
21452
21602
4803
3276
16250
4820
14964
8438
18503
21983
10322
19509
21766
21855
9449
9181
17697
10946
9091
9016
20826
4532
13387
7823
16090
2509
12495
19663
15244
21732
5230
13697
12489
9719
7529
20580
8313
4785
229
4604
439
5452
6680
6525
16715
1847
2529
21745
12665
18739
11261
15880
12124
16088
17662
11786
21840
7459
207
23116
13059
4120
16371
3940
22324
10853
16719
15668
6794
20192
12277
17437
6084
5651
21258
19352
16015
8651
3369
20042
514
9529
16537
16453
14002
273
16001
12888
22690
3179
817
20648
2350
21671
18335
9844
12026
5557
10456
4789
22026
22036
20086
2932
11386
7302
19581
5844
14966
9978
7947
7519
18061
7557
11757
8544
14135
21205
8805
20024
17047
15145
10045
7905
18983
14450
6347
20166
16901
22459
2164
639
3821
20249
21775
1326
3735
22698
2088
524
799
8103
22522
21515
8111
17321
18900
7781
22321
19666
4818
9871
6495
12413
22607
6611
1588
14857
11203
13703
11153
22231
18184
9260
22688
11373
22476
3516
3115
11679
20837
1895
10730
363
21889
1
21539
20960
4899
13548
3768
4715
13811
452
22204
16113
22958
8342
3485
20414
19437
13729
12900
1599
10875
22201
19747
13529
21657
18719
19895
3579
16026
8237
16070
378
10836
3491
12228
13477
22000
11595
8984
17225
5
21311
25
19120
13918
14199
9635
7181
18122
14285
2343
6401
18679
5301
14182
8867
23063
19534
12522
3410
15533
17518
1430
22725
19952
7530
16676
22390
20232
17502
19112
20629
18867
18270
22121
21401
15161
8216
23136
21202
7636
1237
13212
1199
4649
10018
6700
22933
2052
18844
22115
6062
8080
20572
3495
13900
15231
21918
22954
559
6489
2937
16540
10781
13514
15067
20415
8518
15550
1514
8888
27
12473
8860
13814
22647
16033
11895
8346
18410
4549
3371
18004
17311
22508
22870
17342
9336
17712
4685
7603
21892
16435
4919
