22982
9498
10828
1337
86
43
7007
21106
14292
18446
18825
4911
13480
6012
21727
10435
10833
10639
10999
21166
19782
1746
17657
14823
20091
5266
8676
12298
6094
20382
20711
1372
2793
6237
18458
14950
3966
5591
10854
810
18560
22464
13888
7683
7660
6805
22845
7548
14250
14157
6129
20604
11595
19718
18224
7494
22813
1661
1099
16480
13891
4789
22617
16620
18022
6750
10163
11941
7766
12670
12254
21144
18344
16527
619
4354
14510
17101
10573
18256
21049
18930
12974
18801
17222
13802
16173
19949
1571
12605
8002
9730
15515
4081
9500
7600
21863
13752
20872
22234
11498
21337
9789
15382
22283
20830
12178
9342
5879
22727
9312
14748
10197
11122
1819
22540
20737
2259
22398
2269
5718
21777
1072
12280
22546
46
13137
354
10040
6821
13323
21553
13207
6377
6156
16986
7026
16360
3678
6345
22247
11676
4611
10137
2390
19218
19860
20525
19040
16941
17375
22818
22898
13215
2007
22059
466
20816
16379
2415
9636
1966
13664
14555
8443
19392
16281
14309
3893
15886
682
8104
20551
22204
19614
21966
13315
508
3566
951
18472
4274
12968
6548
20157
4636
8144
12934
18469
15752
285
12231
19059
15283
2808
7114
15446
5981
3053
22804
545
2870
20477
2429
8627
14856
8135
14003
10448
20240
13267
12642
8822
5794
4722
4975
22127
12218
7135
5956
8879
1279
5706
653
8091
16421
5334
22751
12604
36
5731
4633
13413
517
4459
20770
1232
4873
14461
23099
23037
5922
7816
4303
19695
9279
20914
15682
4175
7401
10743
15016
4273
21712
5539
2342
12021
586
11233
21199
14886
19399
2435
7986
3765
16014
548
19632
18630
1652
7822
1016
11011
5915
10624
3513
16180
14935
14985
8797
16332
14
6945
13906
20053
107
18014
6557
9359
2184
23129
20777
12942
10614
13838
9166
8216
13554
8899
18881
1274
2998
13826
12565
11931
18629
2248
15018
16198
13844
22799
1732
16278
7488
1032
11736
14709
934
6367
4697
15223
6582
18216
19089
4504
11962
19603
12248
10746
11615
12513
19102
3888
21285
9163
20552
16943
1169
3426
916
19578
4372
22920
22698
19793
501
15507
2491
9501
16736
10524
5445
19158
14268
1585
8343
5617
9505
7449
9512
13756
14707
7843
3080
21880
428
6319
17281
6065
10863
9974
22161
223
3052
4227
6500
12648
13115
22664
16697
18378
22533
5964
10412
20217
22214
16116
9482
3861
9450
3726
3612
15242
3387
8541
5680
20402
6460
14607
8567
12122
16794
7398
19434
1871
22382
8333
3774
9950
23040
11372
12187
21330
1759
21178
11411
12154
11213
3954
10993
13573
12523
1338
14956
5973
17694
22662
11835
4910
1472
22525
20860
4892
17264
13355
4120
13836
18127
1345
15118
1950
21
19696
22628
21458
8402
5851
6114
3381
16580
22194
23112
5582
7785
5175
4001
1074
18689
20874
12570
3814
20184
6878
12429
14019
4939
21078
14889
20082
20422
14110
14412
18814
16879
17392
9320
14980
19583
5752
1085
12044
14618
12822
15887
14364
22318
10849
17086
15668
20533
732
9706
173
1261
505
21853
1976
9919
1342
18139
17939
20686
22684
6277
7226
9202
19308
4569
2286
12768
2944
8799
9483
21738
1816
6029
19351
1394
16492
1537
6811
22360
11361
357
20876
12031
16796
1509
1423
22432
13624
6783
20545
12969
23010
13425
14746
13013
9156
13699
18203
16883
20921
17289
19713
17284
12911
9711
1959
4129
19714
13052
18149
17091
11123
13928
11118
5510
12864
4138
19098
11321
18079
16356
19785
3164
17337
14984
19741
6871
2616
1092
17069
11042
8815
5974
14547
9743
3200
822
14846
21370
14207
3712
22760
15587
17791
5995
13379
12386
5811
12535
18640
12629
5332
4457
2861
13656
20641
23046
19738
6513
22000
8961
15656
8529
20353
17170
9515
10286
7043
19278
9035
15746
15654
20060
16892
14183
14839
10118
10575
12506
6868
18347
19835
11827
8064
3933
4331
2216
2556
1890
13972
21280
3296
17244
20732
11399
8920
22692
6614
4522
19876
19445
8385
21314
21121
20141
12722
1731
23108
2455
5891
22102
21694
19487
14668
1297
6285
843
21064
21587
19188
1391
16560
16221
4997
15160
9692
11234
6920
7812
17181
22106
4085
8429
1405
13934
13729
17302
20438
14004
1390
12030
2811
15447
14475
14199
2506
17344
1817
22352
22315
7823
22447
18802
20776
14228
18835
3502
4680
13295
17574
8937
6785
11224
9661
22262
22856
16801
20878
14027
15825
15303
17994
12572
12849
16961
10039
23126
10210
21358
5765
3767
17933
10088
10827
12377
6798
10997
345
20974
18063
14018
7431
2597
717
10950
15853
11906
17754
12659
21611
15947
7238
11846
2256
18855
22619
11481
12186
18796
921
7130
1983
20087
17049
20371
19767
3464
19406
14421
1055
2797
17113
11010
3105
5058
22474
3042
17524
419
17206
13223
9309
3449
14711
16848
20508
12093
19118
14813
21954
7141
7630
15519
4713
13953
1450
9374
22114
17187
4860
21953
17122
6508
7664
19128
2585
11913
22733
22738
17090
13917
975
4964
2867
7554
5222
1559
7307
3361
4866
6128
17672
13697
2535
3416
6272
2754
7218
1371
6859
11574
19143
22723
16668
16891
13765
9864
22121
10787
13567
17182
3018
14760
21822
13155
3040
19352
8775
12901
22565
12014
22737
5888
13738
1262
6897
8531
18896
15628
16544
17267
2111
9465
10138
2592
2182
9801
10650
2538
11004
4736
20496
13333
14490
6507
2026
17148
10562
5477
15089
19742
6448
10463
19726
19827
3408
6680
14290
4757
5427
10322
16565
21547
986
7656
13313
7476
5186
7394
411
15152
15368
14312
13403
15881
2278
16759
19796
15407
20428
2417
7953
16273
20683
4764
9204
18455
4339
1734
1967
1629
7057
22789
13640
8757
1419
14462
13778
4370
8737
2619
12146
6011
22520
18414
16274
18376
2908
2728
12347
20667
1343
6426
15039
10703
6851
18968
20778
1892
9817
4499
22526
18184
21420
16615
14737
7201
20202
21080
16151
12578
12370
10493
23137
19807
17280
9772
12421
19269
18734
18114
5717
4247
19544
20653
9321
17988
19337
2434
880
15192
12013
14874
17349
23105
12609
3998
13412
631
2050
15220
13849
13907
626
163
16263
2824
19650
6313
17967
12970
13384
12185
18308
5473
10276
3981
11350
14200
18013
19903
2291
15801
10262
6561
19236
8604
6725
20803
11002
19414
21921
9828
959
9745
15819
18514
18561
2689
21581
9453
22570
7839
13687
92
851
4033
7453
15268
13030
2495
3084
18088
17744
332
6998
13538
11534
12916
14133
2589
2679
5204
16125
6850
9441
19099
15840
14137
14587
13305
2839
9300
6303
2826
21282
11210
13582
3205
2895
18712
20437
16505
6542
13410
21797
2056
7227
6630
13382
6300
11374
842
9340
22058
12459
9646
12915
10762
19288
21256
22912
2185
860
10550
7360
18713
5870
15888
19427
13938
519
20474
2323
10158
8885
17477
14249
3467
22011
21164
19433
20383
8462
6349
5064
20366
7491
18500
4545
4700
5977
12769
22521
10224
4701
16786
3120
3285
11977
19609
16056
22249
11855
8085
9168
10171
19129
3424
16359
10998
16695
4584
17287
1663
20088
9460
8987
15784
1843
14499
11480
14318
12372
21024
21407
1442
9466
3185
2432
17460
2517
20867
7967
651
12366
15532
21653
15530
4183
9863
17405
7446
1811
15774
5491
16933
6369
17688
13224
15950
20668
9223
407
7562
3066
10279
6328
18947
17713
21721
14441
17829
14188
18911
9355
20913
22596
8381
16455
4506
1017
5619
12438
13076
5572
11057
4035
21519
4931
15818
10333
10959
4306
12522
4471
4298
18356
20454
18174
20932
5377
5806
3850
799
3414
18954
15227
15577
6390
20493
6491
13472
2990
5940
10579
1358
7525
10401
1047
11254
12877
2559
4259
22783
6721
11149
10818
23141
20331
1448
14035
13985
14716
13598
13470
11183
5725
3778
17941
12316
19566
10053
18067
11344
17309
5430
19681
13108
14094
10303
18481
524
11668
2154
2722
15315
3921
14388
7245
10477
2381
4555
14172
11533
18196
20188
4180
5790
18899
21634
20541
5059
18653
17796
16648
14460
8416
7409
11221
1295
20637
15414
12114
17716
1414
9249
569
15961
4537
6675
16528
16428
15364
2356
19984
736
19201
8717
410
15855
6876
2396
10722
18218
13591
2163
15539
984
5841
14753
12801
1719
10851
14815
22644
6466
22785
17687
14723
13101
19172
11627
11061
19232
23056
3017
16788
13608
18000
1460
16660
5337
14884
17543
12059
16882
8117
735
21769
21613
13395
781
9955
16940
1491
16958
20129
19844
10200
15384
12430
2854
4142
9010
13340
5947
1931
14158
78
9415
21683
16174
1986
21572
2454
15604
14832
22043
11978
14616
18785
2437
18492
3628
5133
22512
19769
2753
94
11320
15082
490
14708
15287
19810
7863
16999
17925
4022
17517
16998
18050
1730
6660
7892
20365
4856
2226
14535
3718
3377
22583
22443
21680
17733
14966
6688
7355
8142
7789
5205
4674
20690
7053
7467
2762
3253
21709
4036
14766
10603
22764
16880
685
8265
4333
9975
12081
12940
2829
22715
21451
4616
4630
4995
16806
10940
9427
132
8336
16072
2779
7181
7300
7745
4238
17407
8495
10752
16917
23117
20015
21428
20812
14410
21968
18951
14009
15823
4660
22031
1570
15599
64
22852
8455
15416
10450
8346
13478
862
1162
19435
13414
11804
8084
7189
14654
21037
9600
3947
19274
14346
4482
6894
15476
19685
21560
11076
7883
12726
21074
20145
5895
7273
19477
8227
14438
15924
5223
6739
14383
21069
20900
22387
1494
18310
12963
11806
9795
17480
15940
6179
6665
6484
9125
22496
20283
21606
3132
17644
8551
2282
11605
9572
7650
20277
11080
3219
15634
6886
21100
13031
12900
23161
11104
13766
131
18674
13643
13892
14007
6981
9524
20429
6941
18369
19610
21186
3357
9396
3795
13808
12533
22028
9051
7102
18257
3348
17250
8639
23113
1369
18534
8525
6694
6398
9067
21309
18340
19425
14114
19297
7703
21073
11519
19506
14310
19397
6766
16637
15479
12716
22940
8074
19005
10162
17353
12482
7411
14909
13053
22658
13743
5450
22999
20611
20519
22925
22836
11596
12919
13217
20996
20162
22806
19374
20933
22792
9710
8726
10740
7744
16873
19534
17650
13630
15542
4158
4676
10528
12485
6017
21812
10324
22511
14453
21943
22721
5270
13750
10976
972
10365
12017
14879
1246
5650
21700
5669
3374
3162
21555
6734
2445
22013
21466
2104
9911
998
12918
20101
14797
12445
9152
21506
10675
9973
97
13774
2726
7545
17068
17810
4268
7866
18287
16321
21675
7044
16253
5708
11045
21825
14998
17684
18362
23156
20339
10014
16403
197
21659
10355
20696
20430
6227
12713
7261
7859
8007
22343
6589
11737
6067
1755
15129
17682
20130
1150
19733
20766
19561
4230
6317
9304
21504
3452
2586
9436
22604
9282
3903
3658
12128
9332
11475
10149
21143
12891
2945
4980
10604
4566
18883
3572
21440
3438
11074
1749
2092
22958
5021
7370
17335
18596
22453
23147
15768
16900
22678
11739
8673
17130
681
15285
21750
15780
6718
17607
2351
7465
15643
7963
5781
4056
14372
4252
15792
5737
6183
2646
21318
18193
8741
9412
15922
16846
17033
19686
14112
990
7689
22056
15827
9184
13857
7653
1446
20882
9451
15636
13887
16167
7170
17339
13886
6980
6301
6884
8791
8959
22651
18828
3401
18206
20584
10747
3820
19596
6787
7094
22098
17150
1249
11423
13341
11915
6799
19826
7235
913
16840
14574
7323
12373
7767
5778
17029
22691
12472
17411
1184
11029
10166
19154
3542
13304
3333
15047
6539
9477
7998
12009
14216
258
9099
679
18372
4037
16329
17633
5745
16071
4943
17812
757
10148
10611
2118
21202
11284
12024
2160
1856
6944
5882
21228
5827
13061
7928
5711
12197
19034
21012
16598
20847
4673
13190
19651
8421
15481
20904
16510
18281
9693
21426
22598
8485
9083
5238
11776
17372
19988
19517
19198
14184
15556
4538
5400
646
12740
3315
9504
22722
6645
5795
5479
8669
18057
16498
6092
3234
3787
13528
4918
15117
14356
529
18706
15311
4623
4170
21446
14054
10242
19088
11241
16479
17175
20381
10622
15024
1729
13947
4211
16884
15394
4724
13441
12470
3935
3945
377
242
11066
472
1911
19160
15788
2398
14718
1383
5754
15933
907
1591
21616
4551
16109
14394
4362
21294
19902
9802
777
19292
2057
2878
20148
22476
22802
5845
14577
1713
13628
8582
16475
3664
16141
4544
23085
6655
3559
2172
10865
3815
20973
11772
10523
112
4520
11963
4637
20195
7838
21934
16720
95
19789
11439
22830
1582
1596
16199
11024
13648
2151
14871
11531
12868
22364
19795
1886
5931
7306
22346
13522
6278
11316
21967
8790
10492
15644
5630
20846
11046
4232
10042
20067
17575
6989
9900
5090
4737
2344
9319
14201
15902
19850
11536
4070
18432
1645
2777
11078
20470
11538
15395
8242
21785
10028
22403
11801
22627
20899
6490
773
20225
15090
8855
8999
12455
15049
830
5568
8606
6298
16478
5618
5033
14655
8580
19907
3370
21886
19025
5325
9399
2212
7124
9329
14887
14936
19926
9832
18978
5997
15931
16574
19569
4032
11119
7240
1309
20022
22409
5263
10362
1765
10832
4824
17195
17709
9452
11556
18836
20767
17217
5820
11692
8768
7386
19960
9658
8013
16230
3269
11176
1863
19008
9644
14791
6429
5029
23068
6837
18138
4488
13593
23107
22929
21195
15337
16992
22812
12389
10102
18439
9596
9625
11894
1197
5244
14396
1872
15673
6323
21378
1068
4172
15353
16767
8507
7758
20815
10106
6746
1605
18701
9097
21875
1457
12480
22729
8210
17597
11629
13090
16392
22850
13684
19806
17630
5341
1956
5604
17676
2488
4809
4710
18388
11419
2714
1790
4255
11784
16750
19967
16844
8871
22927
91
22499
17449
701
15100
5194
19974
6712
8240
1290
11681
22444
12584
11570
542
10020
3996
11504
12141
13878
3627
17804
3312
3819
3695
5785
10563
2255
1014
20559
9246
21138
21105
21052
5611
2757
9739
1471
3963
19225
8238
1940
4834
18007
5085
7176
8941
2623
6716
19580
7046
3429
8436
12213
18343
21893
21851
19770
6327
15672
15514
20784
17695
14295
57
2618
16521
18786
22513
22199
10386
18631
22370
17926
21027
21385
1173
1686
12043
8990
8672
21303
2937
17736
8234
13586
12966
7539
117
12236
8287
1744
16714
2339
1899
19387
18269
18334
17154
11434
861
3182
5946
3428
1566
19453
6260
16377
15124
15002
19914
19354
1670
14102
2254
13894
13616
4890
22169
3188
15787
20450
22313
4190
20801
5096
2298
3589
18082
4294
18821
16355
14605
5903
18147
3218
2020
8574
11452
450
17043
14092
3378
2087
17346
7439
9924
19577
16678
11225
9518
3804
1106
1517
6383
19178
10545
7403
5093
7084
2820
11255
3523
6180
19342
6103
21149
20980
12337
567
8056
4343
15531
22854
16776
18370
5142
9920
10756
16568
8636
8028
21066
7262
6737
10160
1667
8261
10846
18359
12817
10933
19746
11489
3241
6413
18185
1996
5951
15019
10319
23043
13128
16267
8235
6422
18415
22567
20978
20935
6906
16081
2363
16993
21114
10110
22423
16169
20265
18323
618
17964
1154
7045
11190
4256
12800
15273
18558
18207
17878
22240
1625
13678
20421
3643
15064
21336
4052
19047
15864
9471
13225
13870
13841
4760
11289
15772
21814
12577
7793
7825
18365
11984
2031
4427
8206
16380
11716
7977
21710
19350
11561
8686
81
20050
12042
1616
404
2598
19024
22125
12097
8310
21629
14811
7846
4020
13246
7704
6962
8896
12209
3340
20049
7287
4166
5049
22768
17626
13931
6158
22195
1402
22615
21662
12885
6968
19720
21085
14225
18966
12374
19624
21601
14244
8478
4126
16594
1352
19833
11249
13865
17565
284
19479
14331
12016
20658
21417
22437
3752
14096
2915
10443
21326
5210
15653
3123
5727
12458
17585
845
11304
22441
15000
4115
10009
4412
3151
17245
4951
13286
4802
5651
19834
15847
6167
21745
9645
10145
14553
17577
11089
4379
12631
19955
4297
8328
16093
11683
1981
7570
22284
18151
7035
460
16297
10886
2743
12824
12687
8785
20009
23039
15009
3469
6899
14119
11922
330
4780
16129
19161
8486
6869
23115
18096
23014
6088
1101
15183
16179
4889
11065
21619
11021
19275
13327
14348
20548
19639
8352
10596
10453
19305
9337
13884
10586
18061
14738
20197
4962
14298
21829
6014
1567
12080
3154
2926
20598
17996
12837
17753
161
19715
22380
1420
10962
7538
8912
23059
1007
15445
11171
6835
17802
22853
19656
7616
7552
22881
15945
9738
14098
14261
6517
15397
18436
22880
20362
10368
11589
15757
13932
10135
2988
7336
3365
4659
5454
14126
6098
712
20800
7324
20606
19863
14610
12380
10735
9999
5660
5095
9614
21180
17385
6696
17664
6652
13094
14961
18597
12978
5216
10147
794
17726
7100
12635
15171
11407
22136
14262
15929
18605
3010
16121
19075
9042
3824
9619
4546
9363
10929
18
8765
12138
17246
2902
17317
20186
1926
9691
19192
15048
18482
17603
3163
917
406
22623
19216
15057
22858
20046
21009
16463
17737
17260
20206
4344
9616
19185
6870
20560
11053
1398
254
20419
17354
15921
4207
5240
12428
7132
12939
6108
8391
6030
2933
10943
22963
6512
164
21156
14231
20260
13074
14583
19391
8995
805
21925
12322
5537
18717
6120
19268
10895
19395
7251
119
844
15357
20467
11890
1989
6823
10688
5057
14798
7029
8997
6861
7611
17058
3740
11587
15229
14160
8288
5119
7540
17965
22667
6403
4501
2341
8188
10888
6281
9555
12514
15
22415
8787
21781
1680
20887
21099
17943
2358
15286
5330
3341
425
17292
9330
340
22646
17539
5339
7233
1518
10701
17551
21316
16120
788
14734
9139
21624
18450
4695
4568
3777
16156
5108
9912
2170
10577
22186
18177
13400
580
14761
21687
16126
436
12145
15310
8698
17488
19896
8276
6736
755
18914
15269
17052
7820
135
3020
11908
17685
12816
19112
11050
1160
4904
2873
22229
22048
20723
9823
22384
18506
5027
5517
10720
10485
5236
4208
17863
3287
2096
20475
16339
16866
18353
4884
13893
9101
7451
3299
21308
1035
13416
16365
3058
20324
20066
12193
5115
17073
21820
20834
7916
20888
16276
1675
3037
11204
13136
8618
19465
9618
1971
7059
15521
31
4215
20565
2554
16367
17249
22276
20193
15091
17235
16256
3275
3156
4186
13322
20281
3430
2423
16935
48
8065
18229
17984
8928
9648
11980
16587
14861
17314
5313
4474
19214
12245
21449
13683
3817
21918
21163
21756
17827
17913
9895
7333
2528
21507
5748
4898
17899
21157
8968
12929
1772
429
21757
10797
3531
3111
14238
9847
18081
12943
12615
19468
5336
18744
10794
8200
3102
18743
6872
5196
394
12698
7459
18146
17174
2552
15004
6296
2459
9069
14212
19139
22291
17042
11247
5893
21315
9961
9422
11785
10097
10022
18097
13736
15278
8723
522
19665
22206
2966
18824
3371
13460
14344
11917
13975
9113
13520
19522
19345
18780
19017
17316
5001
664
10878
2054
22879
532
16564
5469
13742
19306
21061
8146
6564
18122
12558
6282
20774
1272
21215
15645
2441
22988
233
127
2352
4527
19761
3959
15497
15145
12067
14284
6828
19329
7871
4475
8926
14750
18557
3504
16255
15462
14779
15450
7855
7254
5751
6972
17722
18531
10736
14652
5304
5154
20394
8735
198
1825
2334
8526
2515
7139
21724
3051
14687
11930
10767
21787
16967
4414
8108
19996
15491
12117
18906
11246
17242
17472
20657
1484
16165
3129
15383
12830
22182
11842
13493
5398
2695
16089
21754
19071
12590
8532
3875
1167
22683
3797
2634
663
11330
4193
11641
20806
19000
18417
7471
20534
14197
20673
8005
557
15893
20328
1488
128
19922
5944
6505
4936
16243
4629
11938
22985
676
2817
15061
2236
10990
5900
18327
13290
18588
5296
3737
1090
7480
11143
17553
9241
14487
10296
8184
7597
18065
11592
16453
12038
14533
2400
8700
14611
6829
18060
15687
18763
12519
11944
21096
12124
18024
17977
9491
10686
13187
16452
9701
8319
8147
6816
18026
20864
13625
2527
8281
22891
9664
7322
18988
21028
20750
13292
19930
4476
17
10641
9765
10107
4473
5498
14513
4583
16465
9378
19195
16523
22126
16522
11124
4554
5578
11299
16663
4246
10058
5989
15603
9455
10961
6216
5861
12671
5685
20610
7643
9313
1718
11994
22426
10361
22892
12068
10658
5011
11690
4654
6511
15642
18285
8584
571
16500
20176
21845
1928
22049
708
7637
6200
20062
12392
21379
22373
3641
3659
15119
19242
2894
3247
2368
6037
17298
6562
17094
17960
5742
22302
7961
6109
15662
10825
1097
7717
20771
20037
16361
2228
23033
9836
13398
17866
9514
21415
19183
12925
1895
5259
17660
1325
10897
2502
16913
9786
20458
10364
2983
10697
14648
5864
19323
11111
20734
17876
12870
9327
12927
6009
4727
273
2496
8824
5663
22477
6994
21161
9815
11267
13530
2403
6551
9704
21032
11919
12475
8817
16446
5202
7188
18638
9086
2507
6417
19910
15256
9845
1397
690
10509
2803
16890
17594
7817
16934
20858
21545
20621
3745
9783
15994
13219
9527
9773
15449
11895
7626
4531
22040
16878
3920
17951
15575
8317
8566
10894
22826
21386
1028
881
2561
9256
2512
23154
17040
20910
18418
2788
2666
13196
8031
3142
7895
4662
5129
308
8372
7250
14814
8432
22143
13704
3463
18671
8523
13468
2245
677
10964
16100
1979
11398
12759
1401
19339
22381
16061
15820
14693
22578
13720
22010
3014
6194
14175
17048
18864
18784
18420
13161
16760
12749
19965
8641
15433
17776
16623
9859
14325
19867
11121
13168
88
8199
22807
9004
10246
2186
4470
13592
378
17105
21852
16629
23104
973
7536
10468
18562
18502
20058
10661
9990
2428
18889
21264
11102
10582
8691
8114
3479
17386
221
15308
13138
11748
6621
1207
630
2733
4600
806
15517
5307
20054
21354
14907
23017
446
3245
16536
14528
705
17470
21042
18709
6728
8148
13587
1140
5854
10064
7844
22209
22237
14034
21179
1052
1688
7791
8728
19046
4803
6996
9147
6910
18459
11746
19438
4756
3537
17654
10695
19855
5126
6135
1988
20355
20266
7138
13247
15708
968
4289
19175
21656
956
6809
579
8517
13636
5805
10859
12312
154
8756
2553
7022
1265
3775
18982
17535
18288
4010
14390
8981
14824
19149
10581
4006
3730
8392
1181
3379
15374
17917
11435
3639
1545
8781
1975
9686
14164
1298
19886
11642
18902
11873
11040
13971
2295
4770
9758
4248
15080
16146
2668
17559
7296
6039
5738
19906
14596
2347
2063
21743
4923
87
13566
9561
818
22741
8724
7067
9413
906
13142
17525
8753
942
16115
22832
17817
11687
16781
13901
2514
5646
4640
12206
4334
15128
17226
8038
6093
13281
13929
15141
20280
20461
12251
321
22184
6844
19721
8504
16303
19335
2158
4908
2164
6723
5284
14121
9008
3082
8211
13378
4225
5160
5563
3262
15938
11197
15005
4534
10569
9964
1449
17898
5682
9430
13505
11443
17821
5976
3160
14608
15762
3913
23089
13967
5786
6606
7768
2694
126
12112
11182
15367
15212
1313
8292
12507
17571
3941
15657
17288
5461
13254
5575
12198
11865
11037
4159
23048
21307
14226
8408
11967
816
11971
10821
21838
2627
2305
16077
4453
17118
22983
19230
18509
7291
9160
3681
16576
10404
3707
20727
13690
14285
2758
3096
8179
8092
253
7154
18012
7374
3431
15952
6892
23140
12344
20213
20023
10194
15111
20119
327
8882
9607
17037
20930
5104
9586
3591
22069
14749
6292
16020
22798
7523
15120
22085
8413
3845
12617
227
426
10414
4041
16909
18479
2157
2213
21670
3548
17513
16539
1248
20631
20030
8448
11168
23064
6397
12310
3254
4400
11783
16581
4322
20322
12894
9545
20175
3298
6752
5419
7595
6322
4952
18102
480
20319
6867
15796
21527
5962
3456
5616
22401
18040
347
4742
19899
21904
6276
8201
11679
11715
9079
22707
15417
11250
9728
20785
9526
10314
15281
13169
3159
9726
196
15158
20954
13042
9671
3485
16296
5969
11685
13041
5534
11292
1626
17681
18990
19576
11142
6932
16031
8066
14306
3065
3050
19004
2308
22890
2074
22564
21448
5147
4051
18610
14025
14622
12394
15897
1889
20997
4058
15974
526
11067
21786
22193
470
21798
3490
16805
22965
20612
9821
17578
20957
10337
5224
10589
22225
18046
4744
15480
549
4541
21985
10330
18983
1560
18690
4308
15800
17606
13629
19825
21815
11975
21960
8128
19126
2678
11898
18589
4622
21831
2217
15253
10403
583
3710
2456
21262
20792
2178
20220
8833
16912
17645
15927
11626
16290
7311
10465
4683
8153
9660
21453
9762
12410
356
4715
17261
19064
3302
3149
18679
4251
4708
7623
8552
2383
3306
9936
13301
13787
16055
11395
3588
11594
15215
4810
4813
14167
23153
853
18521
14011
22599
8175
15377
8244
9560
1144
1881
8772
20264
22587
5030
20866
14696
14903
9149
10195
10030
16102
6007
14251
16889
17444
3261
14313
1540
596
12423
138
20344
8564
5343
2240
21043
17636
14395
21483
4205
9940
2384
16440
6217
2059
5138
20258
13951
15676
13343
17013
17886
19120
16095
20926
14526
12404
21137
6958
16813
16721
5902
19489
11328
12152
10350
5054
12735
21410
6421
6939
9874
4888
4669
804
20873
797
9766
17552
8702
22312
6261
6504
811
4594
17533
19009
22099
5889
481
19861
16876
5877
8503
3647
12607
19173
20444
6081
5550
15282
5278
17995
14732
4861
2320
22695
14529
17136
857
7246
1300
7282
6270
13976
2818
17192
16870
10121
20852
3458
6927
6071
3249
8651
21098
12567
7460
15071
21977
11729
21272
175
1674
1584
298
18731
478
6954
22757
6905
12216
7192
8826
9657
8875
1969
15572
3595
10815
12737
12153
16513
19664
8933
10372
10525
13555
252
11719
3720
12664
20600
22660
12955
20387
3593
10713
7080
1427
18729
15131
9982
8763
1286
21021
2626
4290
5688
10783
5848
16395
8727
7065
7740
11879
2991
8648
2607
5247
18428
7992
21007
6956
2176
7874
10269
16647
2492
22033
14863
17401
21979
10587
9146
6019
15439
1211
704
3059
2194
11167
15496
4969
6252
9419
21867
5393
19237
11718
10250
22548
5788
2133
18248
878
11055
7898
2022
4258
7178
4226
12547
21395
8548
17946
10656
19894
13516
12553
5340
2416
4795
948
1806
22150
5254
9562
5283
19349
655
12451
610
7023
14670
17835
7742
11430
9846
5875
4743
997
1234
185
2576
20210
6567
18781
19458
2611
13810
771
15865
12708
9088
8457
766
1740
21167
7969
9649
7769
19084
4346
8950
22930
437
10497
16995
4111
2017
20160
10973
4307
15402
4048
4490
5200
2460
17670
20823
16326
16973
17927
4078
259
17874
15043
10738
6388
19035
21297
7782
4433
6269
16496
1089
21133
21644
6983
13832
18489
20427
12464
6519
13278
14690
1875
6673
13197
12408
16669
16458
7580
2954
21684
194
4694
12977
19313
5485
23123
2370
18254
1887
4484
7975
1175
12991
12189
14343
2332
2466
3727
22803
10339
20434
16778
14958
18575
11937
7224
7642
14196
9034
19690
21539
15605
2296
863
14996
23139
13524
8594
2734
16829
21231
7470
20918
18613
1293
11745
17144
2800
7344
11026
1614
19526
11693
13719
247
2789
1602
14848
1486
10876
2443
251
9666
12393
13143
12435
7362
3445
28
19282
18797
21898
10861
3565
1800
15434
13431
13146
4467
14404
1327
8512
15569
6084
13803
21025
17237
8744
18204
21442
16857
5653
14373
17067
13509
17428
9612
20728
1503
4489
12599
23124
18587
7879
14692
14650
6978
184
4754
18363
12364
12441
19591
3090
3789
5514
8143
13801
13741
4122
1974
6714
5080
15504
19697
9629
7098
10643
396
21518
15641
17455
7589
8616
16863
12319
11115
10790
11547
17039
15747
12096
4998
1742
16427
7270
3943
5991
11697
7672
15600
5549
3811
4761
186
10374
634
22762
10302
11688
15565
3827
7649
4101
12391
9032
15622
929
18510
18213
22814
11782
7784
3614
17566
10547
5429
1305
1263
12831
16254
20513
12497
5598
15700
19013
1519
1013
6826
12700
7530
14844
20311
18655
2752
21938
14941
6668
7635
13462
10157
19403
7232
16730
3174
4434
21112
10674
20357
17634
22281
5535
20509
21339
9548
19904
2336
213
18212
17438
13560
6453
14464
10481
14435
1493
503
16010
3256
21818
16493
4798
963
17496
6126
2732
5179
16763
6163
8441
1826
13352
19538
1434
433
10507
5911
8275
19503
3942
17000
2177
12583
17752
16262
10067
2577
13672
5239
22470
8162
22769
14542
22559
2822
10089
6020
15163
14983
18286
3417
4288
21006
19299
21641
12712
11472
19723
15486
7636
16908
16517
14531
6162
6691
21793
4900
13239
8215
3423
5518
14672
19805
16692
7698
9899
15510
3300
20718
20892
12924
14918
12755
12238
1335
14440
4163
12892
19286
573
21931
9192
11812
2192
7213
17397
4806
116
10946
16925
72
15196
12995
5904
11214
8178
6107
20594
22372
2900
13177
3837
20346
18636
7468
21692
7663
5055
20449
18634
13153
17756
11706
12767
22822
17071
17421
18998
20465
11110
1283
8451
19781
19634
20205
8796
2759
22145
21257
996
10580
5770
13609
18820
13541
1583
16509
13473
18890
16757
1607
14558
11540
11638
12416
1814
10490
17668
21551
2181
7478
108
18044
2958
13447
17462
22408
15356
17910
609
358
8354
22111
18601
3656
5715
20811
17442
19140
8298
18740
11612
12174
11451
21834
12532
18448
12228
19966
4859
4946
21252
15277
20163
19051
2271
3360
10282
4137
6556
12593
20613
20595
7418
5365
14629
20855
19980
18451
18246
13691
17019
19085
1592
17822
8963
22001
7513
14538
10640
13980
13969
15890
15344
22634
13086
10344
10002
9603
337
14276
22009
14820
1762
17760
10035
9615
10504
20901
19820
8980
16566
8424
21741
6579
18691
22308
3911
4750
6973
10104
19383
11397
4741
20554
6793
6710
14532
8829
124
10880
20555
2504
10944
7358
7904
11837
20628
22787
20085
14288
974
7303
1511
1188
22581
12053
8774
1417
6437
1522
19279
13404
19415
15135
22406
17319
1225
18460
7017
18755
20761
6395
9687
15894
5547
9779
10348
17526
15573
4046
22693
7062
14957
1379
20640
3403
20051
4826
7560
21150
7106
16985
21550
5215
1244
9980
2315
22686
18317
11728
731
12776
16554
3793
13866
654
15405
5012
8743
8152
19362
15327
9904
20055
14227
21576
1470
15731
18795
4201
20697
7064
23150
22673
19159
19646
3866
9023
15935
6534
19284
22571
22966
12630
5468
21441
576
19935
11789
5098
9606
5623
2318
3388
18511
1163
8854
324
22507
8759
2541
5357
19030
13405
1957
8649
12303
15361
2405
2978
15412
1722
17216
1903
4693
7404
12314
1403
13595
19700
11184
19416
13943
12842
11778
4105
8034
1012
12881
6574
6843
3558
7534
2121
5872
1558
15218
8025
6263
3635
18728
18774
11933
8674
21288
9978
16624
22776
5139
6796
3604
6210
22425
17628
11031
12902
3550
9522
1410
1216
6271
1985
2946
8697
14658
3758
20107
7773
22653
3995
1949
13181
468
18838
752
21091
21739
13170
7452
9922
15059
19348
1695
3906
18173
7486
11281
2522
13610
7546
20286
2683
12359
17596
13038
8607
21196
11062
10440
23090
10598
2288
8808
2965
309
17384
19856
4084
14135
4345
10080
19461
22339
17697
5758
23086
13692
2101
17359
15306
21141
18852
11935
12094
6742
15614
9793
10392
10094
22834
5643
16182
11084
16456
16775
5212
2365
1368
4141
13577
11258
2764
18380
10081
13961
13707
6159
19554
13334
4240
15322
238
2206
14564
1382
13508
5385
22128
18599
13543
4236
20042
4284
716
114
9834
22272
2899
16549
6855
17268
17464
1020
8577
13211
14023
20361
19054
14151
18765
6178
12883
3870
2863
2419
11900
8893
19699
5329
8706
13175
21224
11543
12954
7888
16820
7264
1813
16013
5822
3750
12015
7061
4182
370
18437
10300
15363
740
16777
16200
6824
7024
7919
22410
21610
9684
17518
15125
6288
19515
4091
13347
15485
1389
17690
7413
11651
166
22200
21345
12585
12789
20400
8367
21357
11867
9812
15299
401
17395
8613
13785
18550
3437
14981
9800
1978
9074
13548
2807
9151
17076
15465
8271
12973
15666
16651
12400
17795
21609
18876
11625
1679
1868
15969
9302
2058
5233
19885
8181
1203
21017
17541
9949
19092
19831
1764
12556
3233
14767
10411
7945
20187
22575
21361
20765
2645
19992
5367
8499
1990
5797
1332
22562
21421
18442
8073
14786
6955
11440
21855
13263
2145
8315
7048
2775
9751
15675
4618
18253
16314
19776
1308
15701
2834
9672
20796
4124
6885
6407
18600
754
22889
13433
4023
2498
7290
1738
15736
21714
1004
12674
20992
3281
22456
8554
10508
1117
1699
22003
11383
3496
22600
12876
1549
15538
21965
19157
8193
22904
11661
3442
4928
18716
8203
8612
20403
6243
16220
18086
16269
4984
2642
10273
11380
18861
4352
5865
21247
10919
19413
1939
4922
17614
21198
18539
5637
5486
7786
3948
3930
13993
18987
15647
2187
18826
10753
21062
1221
16436
841
6457
13325
20635
1230
10375
1256
14940
21123
18672
3418
16435
2301
2203
13519
15640
6431
10583
7610
14413
8435
8096
592
5905
15805
17131
19552
18361
20644
16292
12299
950
7994
15365
5264
18762
18475
19887
10371
13329
2639
2518
11482
10259
7907
21524
22317
6516
20233
9140
2371
15495
9159
12777
19012
7956
6681
1059
22068
16393
9346
6891
1139
22795
231
6004
6468
11150
10984
11599
22285
20590
22327
6858
22730
7285
9349
9838
10427
1641
18923
19705
11921
14061
9931
8498
13783
22183
1095
5145
3609
3970
5624
22753
4739
18315
19623
16058
13676
13300
21142
6591
9656
14917
5626
19310
18993
12554
146
4711
16025
19510
7690
9053
11371
9077
22874
10947
5131
16246
12841
14072
18121
21917
22665
2418
21404
3484
6975
11202
16086
1266
12335
14676
514
1441
9015
4212
21523
8539
20460
12502
18416
6908
10458
11390
18168
4110
14593
10786
12683
2630
4371
7304
2191
4144
8747
8624
11821
20351
3021
20751
12829
5314
22087
3667
20671
15270
11652
11554
3221
5451
9529
1492
3004
17610
21293
18573
3454
14733
8544
15619
23122
5195
13088
13879
9391
21434
2692
2893
7676
19253
819
778
2132
15500
3320
21673
9322
5579
3645
11145
65
2036
19026
14924
20832
2857
20702
2691
21439
12432
16755
4135
14640
10692
21489
22911
16931
8650
8382
11437
9907
16552
334
19168
6410
8197
22545
13650
11995
10283
4926
21393
5211
22147
16426
19973
20305
6112
6434
8255
4979
22699
1935
10230
18732
4635
20731
19495
19016
2766
17285
21773
11265
2671
6926
22603
7779
2335
13456
22747
17911
17622
1785
22633
606
7913
5716
2802
14675
23159
14275
195
17702
3062
15751
18162
18145
21969
10109
6052
14220
4293
6914
17343
12020
10026
12612
19637
22625
13911
4112
6097
11957
8955
9368
13260
6986
19281
17233
13667
9127
13734
16599
2503
4016
14623
8714
7628
1515
20971
21923
12396
2337
17775
11961
1328
3717
22566
19502
14977
3410
3864
4003
7331
17409
1508
16994
415
4410
13918
2130
6907
12454
7914
5597
7349
9865
9219
22855
12463
703
21498
16148
22260
2393
11287
3011
4271
5531
10672
10363
15294
18397
8667
20726
22297
6533
9150
3574
2661
14703
6066
14781
13120
10801
20511
13499
12149
1609
52
2386
4967
16881
5322
6866
3368
3276
17310
23097
8828
19957
22007
265
20861
3520
14147
1884
6615
20442
17844
3337
7005
563
19420
16538
20006
19978
4862
7662
9947
22014
21899
5828
2316
17390
14422
19739
9508
19549
21816
18006
18179
3070
8370
16743
7319
11017
890
22943
6760
9235
19408
2122
2273
8827
6026
20836
12440
1505
22271
846
21837
17041
12060
7365
13258
11307
11780
21237
12274
6147
14864
13070
14482
20700
13877
12157
9573
15230
3100
11270
22347
22962
15870
16052
12286
7715
5858
22877
9993
10312
7101
14645
12460
13422
23160
8299
22761
13883
12161
8466
19529
4732
11337
14537
3534
3274
22937
20276
10885
4990
2462
7416
10574
15930
16861
3161
15127
4977
510
8962
17902
11264
19151
21578
20289
20047
10280
2008
9274
8587
11657
1129
691
2188
17816
19865
10804
8780
4047
6191
15905
2147
2355
2411
14067
8440
5201
18656
4234
13285
7052
10376
12720
5045
12136
5508
18052
19873
11393
19797
14896
22152
19363
15679
10050
7314
5399
12643
3079
7572
12564
13671
16283
9567
3685
5443
5056
4202
4420
22367
14235
16215
12481
6877
16700
4059
10431
17889
15767
11073
17083
12200
19880
4189
10054
12183
21677
2239
9760
11583
18109
10900
8742
7379
20396
5424
16964
16280
18772
11312
11635
10721
3328
13477
18658
5188
17580
11744
10857
14937
19095
17408
9059
17499
11691
15231
16937
9742
6713
12603
21529
19571
11322
11005
21941
730
19920
12752
11588
6137
22320
18611
22187
11244
6291
5462
15804
6133
20851
21502
8758
11218
16838
11660
1579
21788
5721
424
5081
7433
3103
12941
18018
6035
23
9263
3035
3152
17880
158
11318
8194
18858
15326
11575
17255
9862
11486
13148
22462
11091
16186
6745
6622
17801
1854
11272
2962
14277
4132
5177
10776
5914
6294
915
9385
3579
15372
3516
14136
12781
11256
19677
15794
4483
16337
16989
992
5120
16792
17370
21835
11791
13249
6636
7804
3087
16090
11799
5552
4796
8233
10369
19879
1885
18433
13994
3699
17999
14301
15545
9165
16147
16285
10358
8803
3013
13989
7384
16450
11391
3506
16606
15010
21194
9740
3600
364
21963
11852
20562
3196
4965
21174
8225
15844
5522
21209
19015
4818
5150
6722
20981
2294
16531
6310
6924
8869
15189
21715
12243
4121
2082
21910
8473
2832
6016
6488
16529
1707
18633
7008
4882
7714
4425
5113
18232
3557
12660
22369
15877
18945
21090
1912
18128
19439
10086
7646
7510
19790
18999
8453
1795
17871
15697
7492
7070
22027
5249
14253
840
2204
18465
5926
13298
1580
13677
9185
5747
20616
15316
22580
15336
18129
14109
10916
3860
14060
16374
7684
16920
1866
20817
3039
16074
17173
14955
13210
10023
15702
11768
15898
12446
6341
485
4454
16679
15438
6845
5825
12442
11622
8011
12598
18548
9240
2127
15304
8083
5573
15598
6461
9953
6360
14849
15373
5355
19238
22405
6640
11830
4905
10124
18161
10745
20231
13203
9893
11929
18480
20906
18405
10136
11133
15835
1745
3854
9217
10527
7335
12406
2270
5246
825
2928
22918
18805
14358
5948
15245
18989
21620
14534
21974
15329
13916
6061
8688
2742
12573
14785
21877
22215
20298
11892
3252
12544
17937
13824
11577
3688
18142
16617
1634
4217
7326
17053
13855
5338
12501
6045
11063
6197
19373
17932
15037
22335
20368
11257
22083
19462
2152
21444
11891
18859
22054
19165
4712
17908
8450
12056
3034
661
14149
10906
13718
4083
14233
7524
11343
14246
9141
22082
13512
10871
13271
13695
8250
19772
16572
3007
16386
8533
11087
4090
22876
11018
16693
6881
18108
3389
14567
22038
13324
15552
8492
3083
6663
3925
6224
17171
3677
20150
13856
16604
4045
14620
1980
1840
1712
11032
14321
10909
23100
2042
15586
12384
11314
19090
8048
409
495
12365
10534
2620
14211
7910
10152
13784
23061
16893
11357
2537
8239
4014
15484
5603
17785
1879
9458
20420
5709
16887
3191
21015
16542
4480
21558
15301
12041
10394
6311
21671
18220
13482
2516
16065
8079
489
19762
20308
11152
8502
14776
10019
5986
507
20577
10872
18964
8578
15541
18773
12610
19111
20649
9554
20505
6458
17991
14241
19091
6875
21667
22815
15084
93
21371
5757
2708
2387
20059
10407
16099
15681
2353
14808
8418
18754
11268
21760
13660
19315
14684
18936
22168
6056
17777
20623
5746
9831
19832
7788
2268
15629
7952
7086
8149
22131
5290
17500
20895
16357
9459
156
2706
914
12240
17955
662
21799
7509
16670
21373
11525
19620
5699
22071
7693
12175
19043
11853
10799
12317
10297
18195
20302
22685
3769
22265
8515
8312
10768
6251
13658
15518
6594
7774
3655
13424
7573
3686
18119
17562
15832
14218
1000
14540
17435
22848
21279
12011
15172
9446
2993
21664
11503
10868
8160
18331
18976
14414
6096
14636
904
9076
4342
13572
19330
7566
19667
9763
1355
14931
13514
16309
8944
12762
14726
5375
6987
22782
9191
15300
2710
14083
19463
20827
15195
18054
19022
2551
9211
600
8280
13746
11970
9829
13484
17273
20924
5178
4381
2997
10405
17079
19358
1754
23132
10484
15280
20843
19471
20757
18746
19382
5181
6776
2910
9318
10127
1418
18986
18250
6862
14712
12382
10729
4532
1802
7342
12091
18794
2297
11774
14764
4912
21201
11099
208
17202
13817
15932
21081
5505
18305
17522
2935
14619
10469
1947
18498
8845
11751
22952
19219
9591
18106
23120
15381
1692
13780
16231
9033
16076
7966
1624
18586
18252
1143
6192
13098
7419
17466
16782
16486
16022
19210
20024
4323
7787
16774
10683
17126
21169
14517
13193
7732
13280
3610
6497
18160
21699
5409
518
294
12922
280
12555
20040
21640
14550
4878
979
15561
15391
15776
14929
11090
22119
17759
2959
10600
18934
5062
16003
20822
17568
18404
10422
17322
15370
14382
7894
18834
11377
17618
22498
22135
16107
6198
21706
12092
12226
14293
5780
5823
22361
16683
21177
21546
16163
7906
11070
11470
7671
10685
21900
14880
6501
15291
8792
16202
6545
13621
8679
3480
17882
10059
6473
868
18272
16765
11174
8510
20894
6882
20573
7167
5937
15466
15990
21189
10264
2150
17970
13589
10328
22681
12180
14735
7719
17564
9856
12279
817
21230
1031
19131
10666
10555
4516
13396
2769
17953
8535
16135
8626
12349
17747
16006
6597
15740
9488
3002
205
6386
311
9278
18790
11260
7079
1942
15770
17963
2872
14478
5395
9398
20354
7350
21290
8906
11833
4364
6979
8715
9462
1883
2725
8783
1180
6384
6740
17296
20485
4239
14747
1835
13763
2357
4627
7811
18291
6678
22688
5077
5331
16258
16573
17443
3409
5351
22841
6608
10258
17678
17548
3938
18030
13479
6525
21922
12289
11809
4525
69
1349
12531
2029
4060
18073
12414
4867
8171
4605
283
20261
14326
21908
19898
9934
6524
16800
588
14006
13026
3213
23003
741
6527
9442
6444
8156
125
20760
5605
4839
3141
15142
12914
14859
17828
9736
12457
12651
9314
14013
13526
10101
20252
9510
12898
18705
15076
4309
15021
3716
20944
21041
12967
17188
10711
21158
14713
16640
22288
15849
8213
295
4437
3636
15720
16079
11996
8662
12111
22203
20931
23146
12647
3301
11759
3125
21299
6624
16832
2776
9747
13733
9654
6695
22670
9305
7908
22340
1067
2073
21425
18992
14758
22905
6054
1703
9580
23072
6295
14369
21322
18219
6122
6365
19226
16004
2641
17985
8449
8897
2201
871
6933
12993
6827
14005
5496
22144
12381
7568
7939
5189
20949
4335
5298
1649
14145
12184
22110
5800
8847
16602
17617
21192
3148
14338
18829
19070
6547
232
13957
5871
6215
21126
1736
3620
287
18652
11331
19162
6000
12447
16737
14543
12061
6275
2564
22020
18863
14900
16203
11847
304
18963
13358
4658
1778
2306
5519
12000
14264
7960
3077
19521
15637
15833
7117
21304
15563
14104
6537
10489
21537
14122
19542
16787
2572
18202
8902
20970
19263
15444
14031
22515
9188
19579
8332
18275
10949
21949
9124
12913
12137
21476
11532
4061
13908
4373
16444
4375
21155
9969
16
6226
9857
7725
3295
16963
14202
4027
5127
19745
21627
22185
22303
4173
13164
6435
9913
11096
1205
20507
17545
16183
2053
21465
3623
20178
60
2136
14556
56
40
14457
17692
14666
22602
12819
7034
4057
14434
21430
5992
2914
21120
10808
12071
2719
12693
12543
17193
22331
12333
9948
16997
14787
11227
21235
13106
6719
328
7612
5561
10792
16804
8204
240
2280
17011
891
9271
19266
11674
1932
12029
13157
21808
5053
12488
19941
14719
2413
4966
15958
9001
10986
4275
20857
8595
13767
2633
16319
18967
8549
17532
20069
18931
15748
14307
20074
11875
217
21631
23081
22393
22675
13771
9759
12667
9806
23026
2003
22921
15240
15912
17509
12732
19256
19760
16972
17291
5422
22866
1752
22777
19454
1347
20544
15423
18430
20797
9390
22552
6170
15995
19913
13016
22205
13119
14806
3851
77
20775
7220
18008
11974
18462
7603
1277
20991
9517
9291
11051
18935
14056
5076
22553
10535
2142
19057
7707
16532
20993
4552
15536
1862
6169
16158
20877
16034
15826
21597
4748
12869
7318
3521
18112
494
19853
9344
2987
11306
1422
1392
5784
10478
13293
22557
19956
21630
3633
5425
21071
8814
22934
11699
8350
4002
18243
6946
13762
21263
5262
13417
19296
13312
3880
16311
17434
18089
19612
14217
16952
6358
13724
7422
16702
10795
21913
7109
9741
20296
5844
3047
5884
15652
4574
4593
4360
10680
3734
6559
19588
6320
516
17497
8183
11277
10325
21496
18444
1715
18214
12397
16414
5170
11998
8301
2677
20951
7265
18842
20729
4368
1437
3032
8026
443
15360
3715
3308
13367
22151
22718
5083
20068
19870
17383
9353
22192
4039
1497
44
8489
10438
15265
457
12249
14916
19712
7902
2289
45
8916
17358
4580
17362
22472
16467
11521
17047
20614
1502
21505
938
3582
22637
22576
1849
8
19882
12102
15226
18965
17209
18328
20917
202
19671
10912
3583
17164
6638
627
12600
3448
13551
6023
13056
22527
14334
1965
2982
18667
2283
10836
9597
13700
6790
20679
5455
12412
4446
14117
7590
1850
7473
4074
18090
10892
17450
23125
5067
2141
6730
10757
2767
13722
15900
21751
9132
5873
5242
14774
10564
2544
13436
2129
17328
3139
2205
4125
10260
11689
266
9944
13897
9981
16687
16235
20284
19365
13268
11708
4723
7555
14898
15410
11518
9521
8947
8300
3228
20638
4650
10096
22873
11495
12821
7604
16855
9167
21311
21660
667
19036
9578
13501
21427
6943
22928
14336
1882
9541
11035
14730
16111
13078
5574
13702
105
6764
19167
14296
3091
8050
11849
23025
6661
16068
5859
19560
19936
17667
13279
3828
15982
22002
1478
13634
9384
6613
9932
5378
23157
15778
13811
16097
17223
10049
5071
12964
3197
2464
13392
21804
8802
3644
14788
8258
19081
21565
2651
7722
199
6409
4113
22919
3214
8685
9172
19995
5553
22158
9587
4823
210
2904
4807
11861
16048
1530
16946
22066
2534
7584
8273
13559
14486
11563
19674
11775
4704
10869
9707
9470
15949
8119
5876
23050
22140
16001
22945
21725
1867
1190
8621
4597
13450
23001
8107
15678
18847
3239
12652
18960
14851
15216
17686
1572
11027
444
2980
13017
5966
20140
23023
5935
7209
14303
10482
15258
6603
1909
10841
3517
19493
12996
1631
6173
18574
3544
3684
4734
18059
22833
21512
21696
18515
10406
1577
19166
12201
6005
17954
7752
16885
14795
21779
10139
11911
19203
16351
15997
17084
19687
10085
19638
4956
1678
20567
10281
12788
19813
17022
22766
943
22191
5777
17620
6853
11082
21365
8236
17980
6141
17663
15292
15262
19235
17838
13457
10766
7445
723
4356
21193
5953
6172
3539
16526
18072
14964
11200
18959
18688
2272
17781
462
10559
14017
4409
5620
11491
4071
6919
11515
18113
11022
20773
9826
16474
11826
15859
8475
19189
12574
833
11207
8974
14817
16369
6058
20323
2774
10474
8528
2885
5764
484
19550
5458
3551
8565
313
21217
8543
6102
3210
21981
3813
11049
13085
16104
16807
16927
2399
10343
4620
22908
2124
21456
3528
1083
10636
21423
8479
17008
16656
19442
8778
22549
4688
20510
5813
16054
7177
10245
20190
7496
1098
6337
5193
14289
3940
2461
19963
20889
7066
4716
8571
20572
2281
3679
2097
1653
8970
10467
11584
6960
8347
15274
4781
5013
6492
3505
19878
12431
20862
19316
4191
21661
4677
4219
8628
3481
1782
19766
1658
5480
7343
318
14258
9178
20642
5676
3733
3826
17026
13997
379
5327
11243
21559
2830
6598
4099
17115
12405
21249
7706
17212
9547
11750
5371
1236
9393
103
5968
18312
12224
7477
796
12626
3780
13588
30
8169
11997
14835
11607
13614
5379
13974
12576
21972
16919
20829
18606
17038
15964
22539
13646
3597
4643
3468
4377
18752
20350
12130
3748
18941
18141
17762
21932
4445
3265
7733
12116
4932
1694
21891
6125
6584
8540
13235
8102
8397
12307
10316
1011
10207
14470
7972
10956
7923
21657
22270
14742
16404
9963
2608
918
10240
16201
3846
3049
1096
11673
2985
15441
22264
22275
12646
4561
3625
21488
15712
17004
13777
17100
22094
22112
19206
15578
22073
7442
441
4553
5588
3483
1267
3471
1353
13256
320
22901
22676
12491
6230
19630
14699
6874
17379
22123
17883
9536
4543
7857
5042
18879
18803
6523
17247
7378
21329
302
8917
21207
19808
8198
3472
8351
7175
20118
3195
3766
11527
4880
19640
8519
16899
15104
18348
21702
15505
2709
6353
7837
9005
2069
7456
13807
3146
18076
7713
8558
7933
16960
16152
3581
11303
8993
11385
9979
16295
13940
5094
1844
1914
1864
4106
14649
8569
21651
8109
5038
11769
2324
9245
8837
9884
15426
22208
4950
21067
17554
14976
14063
18383
19419
3719
5615
10601
5206
159
3178
22568
19556
15968
7959
23004
10021
6025
6572
13179
8185
18970
13731
6229
18687
1603
6236
4639
16955
17714
20945
11555
5576
10218
22257
22754
14686
1792
15448
8442
17475
14498
15763
7731
13419
18520
19649
8365
15506
15535
18016
20609
16257
6235
603
20990
8818
22416
11028
21327
13055
16236
16996
18804
12992
3441
3802
14093
15168
746
20854
15540
19205
8358
10918
456
6465
1660
12305
1133
6818
17739
11354
6794
21615
6510
13149
15571
16570
18760
13991
7797
10255
1770
12318
15991
15557
6581
12666
21031
9295
14329
14624
10620
19874
12311
19037
6087
21036
15926
4077
12297
13130
22788
6659
27
17590
1936
7542
12903
2279
4632
22314
22951
21452
3697
2045
22030
1920
18101
20769
1633
20084
4338
13082
7770
13354
4993
8264
17308
4043
6503
6190
22023
16987
13009
3967
7341
11700
18764
15848
8809
10963
16272
8046
11072
20821
16063
22392
4703
21381
10631
672
611
15023
12004
709
14667
7382
21412
21233
3594
14631
12807
477
18783
7893
14189
13987
15775
2604
2587
19787
14514
22397
14999
9108
18782
17748
17456
12905
18028
14794
17463
11836
3497
1258
1548
23103
5696
19105
8151
11572
17861
18888
10770
9253
7922
12703
1853
7327
9421
5125
7948
15107
5158
19460
3985
5184
2263
854
12541
2934
2812
9171
10891
10546
11926
5164
12709
11756
19851
11818
17572
19333
3397
1291
20039
1196
16432
5156
421
10293
7629
3038
12026
5490
4497
19994
1876
20660
19754
2310
6166
13581
9866
8021
17635
9928
17104
20094
10709
21951
21878
18869
9778
16238
18871
12132
6817
20125
19824
8940
20332
8840
1411
3411
19668
5464
10093
6393
16895
5644
19823
13859
8988
21040
16245
21726
3543
19759
17324
2882
8167
13881
14038
4282
13504
10987
7063
9038
7588
20615
21556
14187
18350
17959
11558
4634
6743
17117
22631
1303
751
8852
18180
18099
1103
11952
348
8017
17797
5025
4165
15918
8344
13839
15342
7407
22523
17124
10981
23078
21082
2032
2605
885
6078
5612
4134
9794
22115
20983
8521
16732
5587
10032
260
1378
7617
19655
1958
15592
7037
901
22439
16508
2748
21331
22478
13244
17066
13998
17958
440
2307
15771
14959
9781
13539
20183
16437
15615
17015
12082
13565
20447
3924
4588
14389
22081
17975
10024
20316
19983
11825
6544
22286
465
3634
20463
13773
18535
2015
21666
7878
7682
8257
17909
8124
5466
16364
11771
9020
12620
22642
20071
3270
11506
19625
11704
12994
7424
17205
11798
14051
7444
970
18776
22585
299
19152
22669
1690
6496
10935
23145
823
6838
12658
4982
21723
3673
6689
7607
18490
22137
5269
14894
15116
7702
1251
22868
15151
11743
11600
19123
6424
10192
2433
17818
5068
17225
6187
8872
13104
23057
2751
5463
10117
11274
8483
16407
14921
11857
2139
22975
19077
20113
19500
22228
2267
8681
21190
7391
3143
7750
8417
1250
11643
21398
10647
9643
21600
14651
13768
22758
3250
20223
5000
10216
12980
15941
15954
11829
12282
13112
3318
9712
19636
21622
19254
4042
1923
8068
13578
14545
21927
15075
7753
7259
3898
2436
22148
15430
21652
13047
5772
15094
17867
555
12007
20238
15014
17425
21703
2685
20953
3078
385
4945
636
18244
8219
15786
5763
13952
9401
12907
20285
21003
20597
33
20317
2652
18051
1135
6813
8330
17127
19519
13388
2617
20045
8430
14508
22198
22894
7882
7549
13229
19859
1030
22251
12227
10638
14426
9439
4241
20490
9487
13442
17723
12899
16785
14869
11860
17469
17445
18576
4442
13389
7019
14602
11810
21607
21508
6810
12165
2686
7692
15745
20334
13160
13782
20440
8862
2526
4665
18570
14694
737
16250
5372
129
17121
18942
6387
15179
13081
274
20135
21729
22454
7593
21284
15693
22086
3009
18126
15271
19179
4838
13861
9428
12035
21872
3527
11669
10725
16333
12383
17413
4315
13063
13814
9136
20825
11308
4025
6860
19648
9046
7073
19927
12179
6113
6324
19293
15904
459
14205
18948
19872
21713
14221
14417
7762
19063
13269
3723
12846
15908
11803
7461
18387
10113
22629
9285
15953
22677
16222
17492
20156
20021
1415
21265
6049
188
13488
2444
7320
11293
11590
2010
12627
16390
3573
8894
22329
3790
8100
11355
18905
4837
8592
22482
9075
2425
14590
15313
18483
8810
12379
16654
17738
19244
7136
20131
9494
14062
16938
9389
11366
17274
21213
6485
19838
12795
12478
12204
23020
11528
1438
10873
20588
21494
23093
628
365
14192
6768
20504
21790
11628
8500
12679
17557
10824
17784
21905
4610
12277
7941
9642
1547
10126
11415
13310
12166
2107
19909
19389
1829
7054
9041
4203
8660
12487
7402
20099
15137
418
11282
20272
16026
20582
8699
14939
14168
17027
1750
9031
3883
19504
12357
6940
22141
12260
22702
19601
5567
2780
11863
18893
14989
896
4228
1315
19303
12437
17155
11236
9447
4523
3106
10036
21089
11283
13214
5728
17730
8664
5228
6350
22181
4019
19295
7696
11088
1701
1310
22039
16482
15901
17823
12527
7880
5484
16783
4242
12669
3535
6441
15029
3515
17095
9339
21608
2897
18001
7968
22974
13174
2035
4762
17847
2048
6130
14783
20865
9183
18530
10887
21079
14576
6531
19360
17651
11796
3983
7272
12721
18929
18969
139
6204
14299
14520
3046
3176
9513
6454
17402
21919
13122
18005
3808
19689
7014
20939
11522
397
12207
13394
6679
22480
11510
14897
18724
12814
2783
4725
17914
852
15625
16632
11992
207
4960
22196
22309
536
11252
6749
22947
17728
6208
12691
4768
18523
8805
7995
12255
4550
7802
764
21929
13561
2609
9092
15148
3494
17504
269
10051
18476
8380
15589
7425
12730
23138
20446
4897
9734
578
3203
3575
4706
16340
7056
21984
2482
3338
2669
21866
908
1348
14945
7818
22419
13945
10334
1463
16466
19136
7666
7537
13353
6487
4127
1233
10120
9444
8884
7991
11623
15812
21139
2426
6314
4415
6890
9448
8383
10309
6549
8262
19407
5541
14210
6177
3540
22946
7332
9308
10693
657
16591
17815
1938
18866
19764
6408
13251
16974
7144
19592
20270
15724
18578
22259
19076
12334
18125
6831
8154
9622
8205
2223
16558
21732
20181
10418
18318
10592
3779
13597
3382
3897
14524
3288
14043
19021
1563
13730
1587
16971
12959
10168
22561
12843
19558
18093
7450
22221
12425
20473
14400
22610
12263
8070
7317
19234
17092
3345
11874
1533
9989
115
643
18278
1993
21826
17141
3489
18607
16425
12411
16113
6541
2253
2973
391
15671
5526
21030
20747
8037
4828
1365
9174
11807
10568
22396
17729
14469
665
21408
5577
18950
250
13243
373
19423
13067
6535
3890
4556
9608
8550
568
20105
20516
5241
15755
9189
6079
18823
18075
2174
9592
14213
2584
12637
19606
3915
3810
12121
3637
11039
2948
12483
3266
13380
13455
16671
6214
15041
12090
15723
20848
16969
4218
638
18917
6478
96
5392
14286
11003
21637
15457
558
21349
10460
13607
5562
20274
12118
9585
12952
15980
9939
4168
2927
21413
14494
1646
1828
20425
12601
20086
23149
9380
4384
20159
964
659
148
20318
3116
6682
8867
13966
19857
2068
3109
14755
6382
3267
16266
3005
286
13761
21234
1376
13465
9418
15331
5585
11675
14588
18427
17446
15428
22354
13858
13173
18186
16659
19722
5677
11550
13342
3126
9959
11368
12745
7979
6966
23128
1070
5773
20645
22829
2311
6699
22671
16672
21646
3462
8545
10750
7121
1550
5460
4846
16075
15225
9324
7609
4511
12823
12619
21964
18536
20756
2394
7958
15176
12889
12596
13498
821
18617
14247
8732
10530
7984
15913
3519
12272
1155
11598
2093
19121
18105
18062
8738
3835
17036
16027
11560
22611
7164
4925
3282
4478
2670
10299
18757
10915
20166
10055
12734
2986
9774
7283
14673
6900
15680
12474
12738
21962
2149
7305
20462
10937
13732
15689
10234
6620
647
7686
12774
10132
1721
10681
8010
6250
5444
12188
1846
9431
7202
13675
160
10455
19485
15635
8389
4874
17374
9303
12395
11172
6950
1952
4460
13079
4792
7484
10717
2023
15620
4299
8487
8704
550
5698
8437
8800
17534
6138
7876
20896
2131
14030
11056
22755
1136
19740
13018
4507
4270
14263
19194
3602
9519
9543
3986
19717
776
2851
19818
4747
7340
15632
7302
17369
17283
4008
3624
2169
6356
21422
16008
7749
13494
4784
11889
6982
19622
19567
8423
17875
15686
14365
12854
15876
7526
22703
12729
20579
5703
20413
5705
11680
16823
12746
21475
3585
16259
21982
8009
21369
1618
3708
584
3225
5952
10749
49
18084
13264
10356
16139
22842
19703
17662
8967
1127
14599
11025
7712
16603
8668
10991
16723
9889
13604
3322
6394
10554
20849
16424
8049
21122
22334
10572
15385
12763
7655
14377
22569
20043
19962
20335
7410
12910
4391
18799
3960
20947
613
1428
1039
20529
21618
4319
2197
12177
15159
12199
17368
18438
22446
16719
15386
18191
9581
15696
380
16252
9341
22732
17734
6213
1002
22332
15339
16586
14495
19343
20294
7275
7805
22321
8061
7096
3713
16308
12694
5316
3098
180
8297
6359
10292
10513
3932
17099
7947
12539
7158
11059
18048
18031
22537
11792
20218
8773
5089
12510
13668
12935
12773
6467
22134
2781
23116
16516
564
19074
3170
22734
20321
2249
1260
4953
23101
3806
684
814
10732
15409
3759
591
5265
13876
9121
939
21975
1314
6786
11945
19911
15548
650
9215
2019
19061
9261
20338
10099
2520
15055
16722
498
982
16556
13689
21697
6769
22076
21060
17615
3094
13409
21168
16481
539
20433
5714
7289
11790
9280
10257
5449
2162
16596
189
21243
15732
2088
15062
12835
8003
20221
22434
3342
14875
4283
9210
21795
9550
10922
22572
10866
4827
11502
15875
6554
5384
19107
20724
14294
7868
17005
16317
23041
18070
22551
15157
952
5950
18169
2560
19937
18004
2299
21119
6241
21208
8190
10930
4567
10687
23053
9930
13242
13123
15899
900
6693
808
7372
8842
7148
20755
21920
17325
1569
11259
12323
201
18857
9870
18324
20411
19616
12806
10018
23038
16869
5437
16540
12047
23066
9288
5255
9017
1307
3117
9395
2438
21048
1504
12718
7222
19535
16567
19694
3905
10100
21216
5736
15831
20414
18137
23091
10621
13259
7865
582
11192
10075
17923
7799
10027
22508
7223
19815
3330
11109
13727
18962
20704
19972
4783
7369
7518
18538
4301
16826
17200
12115
20391
9381
7765
23077
4988
19925
3884
17059
8192
6302
14330
13798
13485
7248
13747
12836
8635
1296
11135
22489
12172
18242
12857
23034
22800
1164
1953
23092
21251
4007
16607
560
5346
21418
17303
3696
10904
20670
13220
22486
3781
16043
20027
1253
18540
16738
16548
4782
13500
17167
10384
1513
13705
16799
17527
20056
13420
16852
19409
16657
10690
18769
17619
16965
666
22357
17997
2784
11445
10557
3843
21740
5689
18042
19893
113
23018
4093
1760
14852
12923
13913
448
4847
7862
16205
9317
14843
4075
12500
13618
10714
8857
18603
8560
21094
16589
5234
8658
12278
7247
12033
13129
11106
14317
6306
20161
18660
5297
2292
23021
18996
16563
8115
13126
22590
13905
8881
9373
12327
13345
15618
19933
8643
1578
19072
7219
2266
2065
1350
15903
1869
4766
15186
4940
8831
22306
9530
21283
2975
22808
2558
19947
8324
3725
1151
8973
14341
5034
6840
15690
2942
17950
2120
7909
13221
10811
16929
10184
9091
10174
2672
2089
22344
19147
19130
12253
1606
4759
13474
15750
21437
5996
20987
14926
561
21744
20915
2027
21034
2397
12681
2086
200
10457
14946
19033
16346
11295
170
9968
16138
1613
4731
18529
12269
4564
13111
17632
16085
9030
6846
5675
2350
21013
2453
2193
12645
6623
5159
20762
4443
19840
16291
6609
14148
11632
7736
3335
18172
21011
4721
19370
13795
8542
7018
20748
414
9677
9457
8030
11465
2582
1922
22494
17629
5457
22177
22992
15188
16422
13438
3876
2385
6057
8581
3952
3171
5860
2917
5890
14948
2161
10606
3867
8994
7426
23087
7551
19011
3665
16578
15058
2140
10758
10748
22725
12516
17599
10308
13165
471
11747
6018
22772
3346
5606
12936
18390
16320
1436
4849
19223
355
9011
18543
16724
15249
9798
4031
11711
9037
16924
7587
19052
7334
12140
16530
6176
20908
16015
12834
18077
8321
1195
10165
7281
8991
9764
9996
18955
5501
8701
12809
9520
9916
20687
6585
22503
75
2765
20593
4430
17176
20374
8251
14501
6134
12571
7625
14993
11048
12861
15909
3343
20844
2409
2523
920
1041
4378
6308
6075
11566
8614
1544
17887
20624
5333
10434
20279
6091
2610
14315
9180
1158
12508
4184
4858
20001
1299
15320
10306
4416
17424
5271
5638
23118
7388
22166
16234
23047
12559
351
6001
20406
4530
15959
867
11458
5472
1638
8438
18650
14363
14812
10445
8460
9558
6670
660
8633
13688
14775
19257
11300
22752
70
13633
20948
11116
10634
19484
22279
20625
15108
19271
1748
23009
6599
12409
15916
10128
9057
14429
20234
20426
11305
6700
16652
9259
3405
4592
3242
17145
16334
21685
15334
5301
6808
2952
3728
21467
13232
3118
11989
13489
8911
12676
18909
15817
15073
7718
5168
22223
10141
2693
11144
6368
263
8004
17330
13134
18775
20627
22235
17901
7976
21334
22517
544
12782
15139
22687
20794
6420
19946
1019
17865
18284
10775
20018
15584
17952
1416
19062
16451
24
3475
4295
14089
23000
4394
5303
12054
2485
790
9957
1452
22124
10593
7430
20837
6182
1168
7890
4444
20646
18922
1008
17765
9995
19915
3791
21561
15399
6839
7522
3028
6995
17327
1924
8444
2284
15738
8642
22621
7011
5515
9670
7085
7267
19608
15581
16083
3989
15170
17352
11201
13954
10852
1860
4340
6923
10409
13809
18452
9690
7921
17031
17180
1999
16515
2905
7957
14845
3754
17972
9087
3570
13647
8547
10307
15795
4976
10377
6726
2379
15432
2196
13019
5063
16628
10608
8611
15793
14454
3450
19249
13234
12614
5376
8155
9268
9935
7429
7200
4004
9416
16717
11766
2099
12736
6727
6331
5348
1461
5818
18582
14082
1615
4726
12875
19847
14048
15046
5417
4076
11101
21583
8063
8943
16845
4841
658
3482
15261
16219
12321
9876
5208
17120
12222
483
20589
910
1271
22035
19737
3541
13984
6048
5199
11733
22547
7599
8189
15907
14032
7578
1130
1691
17983
2884
19574
12353
4329
12361
7221
2631
1600
20963
11429
10796
5538
20189
16605
4612
2525
12378
22338
7215
1823
14236
9566
21374
17376
22219
15713
22843
21961
22811
21108
11517
3830
1657
639
7174
12682
9818
1213
9173
3334
20863
22268
17942
5641
6642
9667
18302
12904
10822
6637
20633
14123
21325
2844
13723
15443
21382
11239
14943
1147
18791
5493
13427
12780
905
15621
1119
1536
9383
18441
12100
17528
13276
10116
18300
1535
6912
19817
16897
21368
21903
3556
10073
22252
1487
10817
15401
10970
22385
16434
10733
18750
17990
15674
17168
2478
820
16261
4934
6705
12690
4596
7681
12621
14214
7798
15560
3339
22292
8335
17859
5753
5896
4260
2261
632
19822
18298
20622
14314
15978
7185
13842
7025
8327
12107
7727
22913
12390
17476
2960
2156
1269
20835
17183
10182
16412
6264
11231
1113
19277
21731
16410
8795
10965
14053
18487
5548
6819
8490
20725
12496
20358
1644
15156
11409
9868
17788
288
20569
3215
7090
215
6119
9563
19379
1174
3461
21087
20378
6115
993
7848
17570
17698
12427
5041
11132
9158
7694
7735
2574
13665
5993
8445
5659
17221
18944
11493
12987
22528
12962
18516
4868
17848
16634
5971
11972
4991
18933
22307
8644
20868
11273
10249
13748
4788
7310
4389
22207
1656
12866
8401
18886
22460
5529
14153
140
11755
12164
19067
21274
8605
21586
17045
4393
6915
10731
7464
19255
12820
13037
11203
15987
2721
1466
8027
19492
21639
18322
5107
17064
5272
12772
18431
21084
3183
1565
6836
4150
10446
5771
20909
16338
6536
1193
20342
4220
12398
1769
19821
13663
2869
21188
9770
8127
21658
6963
14888
13073
2562
11939
17451
8866
8325
18297
19929
19221
1061
19765
1531
718
17351
12794
22244
16191
17265
6949
6590
21901
19676
3823
18528
3761
1761
12376
15153
4917
2207
17044
12743
13316
5402
6646
12450
2293
11060
10958
21796
9511
3251
9525
5523
322
19083
9987
20301
21305
5074
3061
15692
21511
5939
11164
11068
9143
9705
11526
10914
10235
12618
9090
5439
2116
22720
19332
47
7207
9729
5276
20375
18148
21950
8844
16409
20415
19273
20204
14689
14563
17601
19763
6509
4405
20307
6284
11386
10602
14876
13349
10691
7321
1105
3108
13670
18571
12208
17165
960
13204
20972
20952
6763
18156
11323
20934
13241
19474
11222
16818
2911
20282
431
6795
15880
10682
8870
14362
13183
3491
19725
10346
6748
8695
3895
3990
10125
5360
14597
51
4503
21881
2941
2961
6362
15197
18991
12678
15079
6771
14778
3085
16188
17563
8585
4587
7506
9476
11449
20648
1832
11916
21295
172
940
5720
5191
20512
17213
8172
8373
14446
22595
1177
783
15547
21996
18779
22118
2367
4196
17184
1608
17683
21510
20532
15200
19287
13694
19537
5564
9230
10091
9464
10923
21802
17862
22900
17569
11703
12872
13626
7123
12747
22749
13662
7814
8476
16053
1586
743
15509
17521
2009
12250
4399
3310
1062
2354
20199
10244
6041
10351
2448
13043
11369
9467
12838
4044
12076
454
9855
12144
8295
12241
20689
17929
16005
5213
14265
19144
20020
12587
6418
243
2159
17537
11831
8191
21391
17077
16195
16485
4143
20299
10862
597
19565
20960
22976
10150
13553
16726
16324
22018
8682
1562
10241
19380
20097
12588
21462
18132
13401
5502
14527
4668
15718
9716
11427
21588
21806
17856
1564
20102
22430
343
19082
4349
9361
18925
5849
14416
13685
15063
15810
21840
11754
5436
4155
19570
1918
21514
7082
1664
9599
6593
12267
178
21323
6528
9827
22351
11081
1088
18973
22495
8709
21346
2813
572
11777
21092
2681
3110
6520
19516
10994
15099
20192
9637
22109
535
1857
4337
10000
16819
21405
10565
1668
19604
16216
14081
18848
297
18800
3470
14322
18662
9791
23067
18758
22700
17412
20257
3349
602
20772
9432
19150
9871
13556
2835
42
17371
8349
7120
18227
22924
16161
15651
14970
15582
22638
10178
3722
16649
13898
22311
12701
10952
16464
5730
17009
9506
8557
17415
1907
14829
5401
10115
3757
1647
22046
14242
5965
18071
729
9546
7634
15549
7122
7184
2864
18474
1714
18844
8865
2995
9698
17257
1440
11964
10111
15232
2922
16584
8158
14603
5807
12461
17549
14154
6697
21942
10975
15132
17853
4472
5391
11840
6305
19730
5268
5504
13701
7997
21203
8393
16694
3675
21388
13716
581
1178
18336
10553
4452
14551
17906
17003
10043
4148
19531
15698
13303
18637
11742
19917
6773
12351
5762
2055
4382
16962
18856
21892
20149
13617
20035
22246
5571
9946
5994
15015
16439
12105
23144
4607
1161
7297
3912
6385
9918
15760
21487
5975
17111
17382
3878
7376
6942
20717
2943
14685
12503
15093
4118
12462
9044
22301
16119
15895
9576
104
18815
22172
2431
19038
15861
8390
16710
4549
9435
7440
16047
14743
4646
21250
18330
326
1797
18872
12275
18547
6086
11965
2215
12268
11487
17940
4786
15452
18545
5121
14971
14659
21749
16888
20072
14554
11128
5901
18920
8761
15677
10456
10041
20709
4681
7366
10877
738
7887
9018
7899
607
18399
1115
2244
15879
3586
14255
4428
20451
4769
8020
5516
16622
22005
21254
5503
5286
17677
5613
5803
14653
21774
20531
12945
14544
11731
10108
17361
16400
22296
20518
5109
14826
10623
16217
15756
14840
12520
7680
20367
12331
18580
5134
4321
1901
18231
12557
1944
2963
4508
16619
20826
4123
15783
18049
20546
14721
387
19065
7153
1532
19706
9208
6287
19862
16830
20929
22104
10716
22706
13022
1973
1737
11924
20885
5839
5979
18494
687
9301
22846
7325
17347
18133
17637
2420
4819
11336
14790
12420
13962
9564
21593
21604
14190
7602
991
2090
20327
8072
16988
5069
20441
7806
16862
17766
11951
7091
20950
7131
7421
11394
8286
6984
6273
4265
8374
14279
5855
22096
15942
10079
18627
1574
12828
6028
13834
622
16372
22157
10506
13453
16032
21111
6937
6611
3415
15488
7380
17905
16242
2229
12148
2373
4264
16524
10630
13261
21136
1043
15726
5869
20698
2953
10236
5850
9628
15892
21301
11262
7943
4440
7751
12998
13407
19830
5229
18789
21455
20804
18501
11340
23082
14582
16911
5388
8779
9311
6936
6090
1525
21911
16644
601
17301
3115
6447
17194
14831
16662
9568
4647
19499
14445
7145
5988
16936
211
15161
9577
21046
5586
5306
11767
1934
1874
15243
16430
4181
10665
19060
6741
2782
2480
14115
16350
2866
4832
20721
6175
12949
5349
16457
21486
6378
22838
6656
16746
18201
2747
9854
1202
13570
20337
10078
22484
18382
11006
3596
3043
8629
15350
383
1023
2084
6780
12352
2971
15112
10875
18584
12706
7288
16270
301
4800
15482
20459
13097
10744
566
22674
8427
22113
22412
22120
11653
12034
3121
85
1054
6489
18981
17974
14479
11672
10835
6228
1827
9392
4871
15250
5958
21596
16610
16143
17467
14327
18293
17388
12897
9958
7949
4487
7110
17591
1021
20121
9424
1917
1576
19729
7678
16696
8463
20928
16445
4887
7276
13216
21460
3187
2195
21038
8823
872
17110
6684
14838
11384
17063
10381
12546
8482
6685
11786
4195
2421
2108
3783
22015
19707
12449
109
6257
4822
5692
8925
16867
15427
10785
18928
4468
18015
8161
5354
715
14046
13958
11418
3390
4972
9841
21328
8909
9473
11670
9689
15709
19259
8253
8008
15123
21135
541
21580
17904
2412
20871
5416
16664
5649
17877
21915
5654
19940
9326
9463
4961
1568
17356
4316
13715
13230
2000
17519
16136
16706
19747
6464
23065
10501
3166
7622
9489
17502
5536
20498
16232
5907
2735
21482
17529
16389
16037
2348
8713
270
3133
15266
2440
14627
6335
16705
1006
21679
22882
21151
14565
10472
3136
19181
18663
15694
16872
14143
19402
8311
12265
877
2701
12158
12113
7308
5359
1500
74
9881
6588
9589
16821
2919
14340
18843
9433
12534
10311
4438
10295
19938
18296
18644
20012
7989
11014
4870
8620
13326
14572
315
17487
22809
13515
5509
7756
18074
14180
20325
19993
413
21317
4320
8750
10826
14353
18778
21236
7041
11705
1480
15026
15106
7143
21050
16415
21592
7800
8653
19058
2123
5318
14078
4464
19598
10133
11217
11324
9744
20083
21528
3258
4821
8527
642
7840
11365
9853
6499
5294
8506
22980
14715
6604
18402
12695
6343
10704
2175
10874
10005
359
2179
20786
13015
21862
1284
6363
6701
9668
8361
15007
2540
23158
2717
10584
8874
23002
12863
22202
11438
4604
12453
15925
439
10340
10220
1717
5413
4614
15525
14722
19400
21244
22960
18806
11899
20592
2375
349
14922
7089
13831
4758
4426
21333
1036
2113
15074
21229
15330
7042
18103
3663
5925
15777
19336
11707
22052
14865
6587
4411
9060
16378
5364
17178
3969
9054
13525
20561
3936
17843
17032
18684
7363
5831
8481
13739
5929
1555
17705
20890
3576
8777
5495
5441
8739
13796
22516
11163
21562
2996
10315
10898
4576
15985
5532
11565
16593
1724
4441
14430
12783
3501
7885
11175
14816
17696
6459
12764
21348
10397
14698
1056
7533
13014
16000
6027
7521
7934
5321
17103
14763
18759
16190
11620
1553
9906
12232
9402
21242
20143
8022
10552
16484
12999
19108
14792
3937
17612
2529
19377
3179
4279
7564
3736
14799
4915
9438
1593
1666
20128
20680
14191
16033
20304
1064
12680
15219
10632
1306
17708
20404
9474
13596
137
15199
3459
18019
22461
14681
15358
20349
15785
20965
11864
2427
19385
7582
11802
11619
11178
12797
8062
237
4280
11571
14125
13518
4615
4500
15503
7274
5906
6832
14423
2395
1076
310
6462
15715
15663
314
7171
4092
16162
14095
8042
13375
18867
2075
9695
15380
1156
9502
6558
15379
4790
22242
22577
13046
8927
16394
9634
7830
2536
3869
11601
9445
17589
2309
10926
2903
12813
22859
12473
16028
2302
21366
17896
2809
3231
2499
18591
10646
491
14796
10090
9954
5665
20730
16447
21005
5176
13288
17717
20259
3189
20330
11353
20173
19892
21221
17819
6779
22608
18190
6601
8964
7903
19289
8480
4347
5815
14969
21909
16413
16635
8864
19799
17054
3499
32
8559
14899
8919
19611
21531
15608
10938
839
19104
11139
10038
5636
5421
22756
3661
13693
3863
5366
20814
20636
12176
20139
497
750
10233
3547
14044
5938
15655
9242
272
2852
11872
13968
22828
7441
8471
21621
17894
7651
13350
21944
7253
7993
8338
9749
13758
12581
13813
16762
12123
7436
10637
16779
9356
15460
13423
1766
22316
2580
19001
18891
7383
876
19919
8289
9423
6220
10588
7747
20407
1945
4883
6149
13131
6651
2625
2675
11850
20390
11326
7606
261
14837
18727
14022
8195
15695
13714
3560
20063
1948
14166
6136
5050
6150
17813
10653
13613
1651
20824
13012
11647
228
15749
152
8069
22694
5760
14570
21916
19180
12363
1362
9840
11448
1357
20109
10383
22697
12402
21464
18756
16381
11310
7375
1109
15398
11947
18332
7351
894
14906
9718
9921
4250
11597
9058
1027
19488
7405
5106
13309
3652
22463
9756
7000
13535
20278
9886
16689
20982
18290
18268
17938
11905
17437
9852
8598
3742
11276
292
16575
13622
5656
335
22955
8954
12022
22133
9175
14141
19803
6543
3211
9296
14037
13077
12058
6602
9481
9720
12887
5558
153
12261
22990
5426
17282
4229
18333
20254
5662
4222
815
4591
5310
8052
4885
4558
17803
21124
3847
3073
15351
16402
7668
14630
18877
3344
12983
11869
11492
17944
1153
17159
20116
12611
12258
17381
18276
1727
3130
7328
17724
20041
1086
22459
18664
12037
4707
9991
19093
14975
20472
18865
17423
7373
10544
18670
455
2575
14036
14384
2938
3706
7835
2424
5880
6612
7118
21232
12244
19125
9486
19039
9956
19905
15623
7031
18374
2745
7819
8975
20869
14802
14522
7565
18222
574
2119
19213
22475
16982
782
13357
23032
4702
9830
11020
1982
18977
16007
3363
20521
19031
11339
6100
4865
1888
11364
9788
12537
4645
16315
6366
19594
4929
21223
22922
9239
9116
6106
18453
4948
9925
8596
11927
3272
16050
8118
980
16137
15956
5910
1387
15012
16842
9782
11813
2947
15213
11701
22350
7437
6889
21019
15567
4055
11173
21937
7657
1429
11126
2593
734
11311
13105
9503
16298
11814
17872
8371
21584
8122
23013
22097
10357
9096
19961
18301
21791
15422
18066
13418
12504
22487
20363
11694
9065
19758
16411
7739
4223
8563
10424
702
20144
22353
17398
11297
18813
3273
12672
10122
23119
12010
12168
11749
8419
9276
15035
7058
13275
14497
19231
21324
22298
9
1469
21632
6351
13835
3916
4924
4687
1697
5928
17978
17248
5687
2326
1226
11494
18155
5842
9613
4805
14784
22345
13458
13827
9089
15387
5103
12490
10902
3953
4930
22910
12057
5003
11223
14891
18949
19325
17214
17087
22422
22978
9443
18924
7432
1363
8892
187
3297
3703
19801
1340
22885
1257
16154
11138
15633
19170
18110
10301
7146
7039
14074
2855
22132
12860
1237
7985
7295
12616
21372
1049
23143
1285
23130
12524
15034
9877
2225
10354
18519
17010
9713
10778
6044
8001
7695
2711
12439
3280
22742
4785
17582
3776
329
6146
8260
20961
8982
13571
9366
11248
11557
21387
19117
15375
9542
6812
4895
957
21902
22950
239
23073
21116
1430
14492
6455
3309
12958
12644
8296
22241
16080
16123
20250
15944
6650
3698
13999
4095
11432
8116
9153
640
12975
17604
14392
17700
15815
20111
5566
8590
17389
16793
2977
7864
3172
13351
13682
3668
2664
15537
22016
16131
21776
19378
21353
6481
16966
2921
7924
714
9631
6948
20386
20759
14915
5985
451
8868
5162
6775
5026
19932
2654
8710
17062
4100
141
5174
11979
11968
4448
15970
10342
7557
5130
21805
15915
7556
19457
6807
9965
13641
20986
5740
15733
5061
22465
13466
6991
18892
22717
21132
5420
15376
13062
15248
17020
17884
16981
22457
15568
22626
11095
13843
16244
722
17745
6669
4310
9061
21270
10663
15206
7337
1209
1373
21860
11909
6373
7271
7927
9247
8811
11541
1104
22923
145
14134
5949
6641
12120
5817
19122
11327
3138
22471
15884
21376
15318
9365
9129
4376
15126
5980
17125
19727
9182
136
6339
9593
4524
3687
10261
769
22122
17987
13487
8888
4919
8176
12953
17888
13387
21935
18274
7980
13118
22774
8411
2549
887
13454
17693
5237
16062
22819
12965
2041
4285
4292
20174
17258
20819
14001
7936
23083
9372
7886
1351
15609
15722
9816
15983
20036
22091
8979
4933
4651
11658
6280
9951
22025
2853
14375
19587
10645
10153
2414
10823
12575
17809
9325
13823
7214
11603
20793
12908
13513
19923
10576
1111
4204
15473
16948
10082
19839
2021
12979
20310
20563
2591
5601
1639
9825
17658
1050
11309
13642
6847
21602
1756
1439
6822
11278
869
21384
14519
22735
17295
7583
4269
488
2705
10393
9348
10167
21162
10437
14171
7348
6450
16525
11404
18279
4804
11296
11682
2260
9769
11447
20486
5257
3603
13698
17336
9651
18984
11537
2545
20089
14573
18175
3646
12529
3244
1710
10542
11671
12595
21574
2880
9085
2391
14120
17892
9655
14680
5691
1462
21268
14662
13386
14601
15639
16740
17266
15501
17269
19171
17304
11208
1459
3536
9228
7457
461
1598
8353
12638
18620
22105
6181
20007
6412
14560
17742
18564
15606
19997
2102
10193
4221
8202
8426
9201
12728
1304
13435
15115
15472
3743
13233
21375
5528
15429
21185
2376
10798
20602
21737
22726
10893
4526
13579
19138
8754
19164
4648
23088
8946
7385
10449
4177
9198
15169
21945
1581
18033
22535
12623
19527
18124
11946
17307
20439
16166
21218
9229
19982
8634
11347
6631
5583
8101
17573
3153
17757
17586
995
6576
17783
13226
919
22130
644
21906
10566
10612
4272
12426
22823
16905
16914
9022
3131
4670
20416
4730
7182
1388
19135
18034
12912
16214
12294
2274
22217
21544
22376
16677
7633
9869
562
7592
17377
5801
7203
4598
14152
8537
15164
9026
6110
17427
19749
15246
6256
12329
20643
17616
17075
1413
6922
7942
3311
5173
3931
500
13853
6532
10889
9335
15228
988
8060
22233
2030
15734
4461
10705
23098
14367
1386
14008
19068
14403
9328
1539
17440
16312
22438
1321
16828
7030
15065
4733
13348
5167
1836
2570
11100
5569
13356
15078
11529
18055
15103
10231
3587
17915
2849
1444
5999
20753
12826
10070
4852
14480
3465
20057
4398
17138
15257
5843
12419
9892
11285
1483
10338
20853
1687
13654
5217
2772
4628
4367
4778
10186
12371
10385
20445
15779
9157
5543
16877
14209
18064
18295
3177
15437
22588
14661
8534
3934
2889
17189
10129
20484
7853
19536
556
693
14800
3289
3023
16133
10267
20269
10423
12259
1468
2221
23058
3407
14803
21772
16128
21500
21885
331
11624
2724
16550
16318
341
4625
4963
12851
17935
16520
19371
2740
17979
9544
8509
22883
16716
9377
19562
9937
9669
16631
16036
14697
21490
10
9196
16042
17414
20528
11426
15858
18120
17426
13725
7183
11816
10515
1837
11294
1628
8434
21469
9275
14505
19792
19322
11511
11686
2046
8141
9609
4160
9682
14614
16748
13726
13568
12040
17140
9878
16751
15403
20564
6493
721
14706
13679
22936
18493
7641
7330
13828
20005
19073
9761
13289
13291
11985
19590
13446
15284
7415
17241
3772
9078
4547
10670
14000
9757
16712
10532
20665
765
10471
4638
21088
19814
8384
11467
12012
10860
11147
5559
13180
20219
9417
5342
16739
18508
18140
183
102
10164
5152
19779
7208
848
3324
10967
16562
12675
5837
2578
20026
19582
22586
12928
6184
12989
15828
12856
14674
14615
2018
17778
20017
8105
9333
7932
7197
2929
17912
21589
4312
10239
11113
4686
12252
18371
7831
16836
3561
22174
147
21273
15198
16733
5007
18568
18604
376
19182
21571
7187
895
16507
17332
20092
18946
18585
12845
19262
11127
13027
3700
13721
10429
22274
6325
13127
13599
9071
16196
10317
1960
15863
13273
14165
12142
21823
17365
17491
23070
12542
12580
19778
15033
18710
9112
4128
10359
19589
19953
2004
13759
4064
15601
2744
11479
12495
4185
14710
16859
9945
21856
21183
10980
8406
22558
12271
15494
16084
7193
22987
19027
14351
14805
11520
18593
2144
1637
17961
15626
20185
10813
10494
3447
2568
13502
7095
18680
15846
2039
3208
7826
15110
8363
2062
7244
6729
8337
18812
14725
14934
9220
2663
21118
16117
13402
1215
19191
20685
14910
9110
5766
5471
9557
2738
4401
9623
21792
2955
7783
3366
14100
6857
3088
9708
6432
22632
10353
21342
17098
390
192
18615
4108
10996
3732
6427
11459
12160
3919
19635
21649
744
3522
16341
18831
13728
7974
834
19134
17014
6117
2932
353
16703
3729
13121
8832
15022
3786
13385
21535
17787
22093
10046
22865
8329
9293
16658
21978
16643
4450
13506
7047
11271
2702
20292
13159
22509
13590
13988
22956
20536
18932
8376
4050
14639
763
9379
2924
5245
21130
19750
10763
3466
6021
7877
11559
2909
20151
20014
9264
10502
21287
23063
1078
5317
8740
22045
6333
21617
6911
2002
16633
18741
1805
14437
10496
4194
18393
22290
18648
20482
5506
18532
10896
12242
16488
8378
9394
3704
5253
15791
9787
14484
19532
1693
6578
11509
5756
20940
4366
14773
22483
3202
9387
11732
17725
11079
20228
16928
19868
3022
1521
18163
18384
21383
1172
3821
17897
5840
20127
534
3768
12375
10289
3525
16968
22325
22065
5018
4791
1798
15233
1696
8508
8094
7357
8180
559
19023
21663
18364
21292
22378
22778
7038
21889
19405
13606
5655
20000
8170
13523
17798
15317
18798
19010
5796
3194
10737
15147
17454
12469
6063
3529
11279
20488
5362
13476
19155
15411
22661
20681
10367
20497
8386
15312
14579
12309
15758
16741
9376
6918
13451
21485
14477
3818
8220
15362
22933
22287
16752
21260
13445
1972
17869
1407
19110
17220
9480
6255
16975
14433
13248
9382
1880
2276
5957
7252
9685
9683
11199
17360
9404
5565
352
15134
4167
16901
7884
9709
17982
13867
1735
6165
20364
1716
2957
17555
22138
3555
22538
11993
18035
10345
5633
15719
11726
15185
8978
12422
20912
11041
22805
11473
17305
21429
21674
6529
10072
20104
1685
11229
1454
4606
3518
11334
7699
17674
5015
19212
1001
23162
22593
15803
19441
3840
14432
22648
6909
21594
1227
6753
15193
1235
1779
15843
15470
1288
9109
7794
8622
5700
7950
21269
21152
13158
16646
8252
14759
18410
19719
16213
12434
4146
21253
866
18456
19356
17275
22062
9632
14409
18900
1142
12287
19505
3773
20943
1334
18381
9509
6781
14186
5070
2285
10416
12005
14473
18373
3440
3012
21394
11544
6479
9538
23055
12320
2202
8039
20340
15765
17825
10605
11373
5326
9212
20424
1808
5140
18595
5878
16406
954
4937
19096
8725
8748
16642
7395
16506
15559
13706
21689
16240
20985
14237
5821
12895
2513
1501
11564
2815
4720
1683
2981
8497
17326
4663
10008
18833
15937
10941
15032
16002
6626
13605
15648
12127
11844
22941
3507
2682
12110
11800
5580
1789
264
15960
22492
824
5383
16016
20946
17609
1312
13023
11389
20079
22289
14452
15684
10473
8670
16060
18645
17210
8853
13151
10696
4261
12098
16553
9197
3402
21267
5261
1443
3119
11918
17666
617
21459
18471
19555
19794
7352
16864
5816
7393
16636
923
19547
9753
19490
22857
19931
13370
2242
13144
5555
18043
8760
14448
10694
15207
19101
5755
21747
12084
12417
23074
10176
22365
12933
19069
16459
21302
1906
14872
11253
17156
23011
7211
17550
4276
1445
6717
5723
1107
17643
999
6575
9117
2322
6404
12484
17484
18807
22044
4519
5288
5593
2949
11663
3392
4348
7490
6592
16305
3622
5347
4684
14224
9717
2476
7239
5446
5560
18368
10451
17429
12051
801
1152
226
15917
7697
17096
13686
8279
8935
15685
21824
4921
1803
6164
16300
16149
19456
11870
22935
16939
17479
8895
4909
4157
20048
18255
7669
4797
6307
635
2013
18703
3492
4533
15721
16470
13922
5970
19756
19999
9942
16809
10201
4244
12550
20789
9407
10420
5885
1319
20153
10318
3654
15279
1198
9926
12063
21424
6698
625
17989
5320
789
20891
11286
756
5867
15474
12710
5596
19891
19142
2481
15459
3709
10442
7955
11120
22063
7946
1374
3885
20576
21338
19755
22074
5047
1075
2756
6540
17849
5166
4893
1066
9976
10960
14635
16185
5088
6494
17498
18270
7586
19653
12288
11545
21095
17234
14933
2258
13255
9429
12385
11189
22032
19659
8058
1238
17576
22414
2138
4493
13681
15167
1108
17560
12486
8493
1788
12106
7987
19977
11815
15646
13819
20716
6124
6518
2340
11548
6209
8522
10044
18260
16294
6379
16249
8623
9070
2700
6863
15617
2819
18808
15562
16711
17016
9630
4844
22261
22709
18616
13657
16626
8182
16127
5941
14041
17621
10698
5352
9233
1166
16501
11820
20155
10549
54
20480
12754
16181
747
21695
6800
17774
2091
4608
15003
11752
18017
2489
4876
7940
18736
7869
5396
700
5010
11313
1841
2044
6901
20372
5917
13821
11633
366
8960
9535
6583
19467
12101
14882
5657
18810
10179
4278
18770
4705
21044
268
15533
3056
11455
19572
22649
15824
12499
3762
9813
9367
18346
19691
3439
6374
2876
5648
18846
4402
17128
22390
21389
12739
9029
7710
12779
12938
2219
15031
14850
12052
8173
20249
21276
10447
9883
20738
21948
21457
11157
2913
15036
10712
1409
14118
17890
6144
8150
20004
21585
791
19773
7531
16223
8218
6683
17387
10415
4104
8221
19272
3746
16388
17998
15184
3092
15852
8186
19280
16980
17035
12039
15086
8145
11382
5809
10228
388
14757
7204
5511
12602
21993
6043
9294
13182
22750
10366
5513
6550
4243
6036
13411
17263
17501
17318
832
8086
3476
17391
23111
13619
2475
7679
16304
7206
9680
7917
13601
9187
22851
22057
6219
257
12225
14862
19523
14562
8032
7162
19528
13612
17707
1218
15972
12552
6767
1767
2810
16277
4311
19884
11871
11209
14427
16907
17191
12926
12028
11793
6709
10782
12479
368
18913
9785
16559
2567
14962
18235
6152
12295
898
18329
3186
5824
4429
8856
15371
11630
14010
19615
19317
13542
23134
15544
3400
849
14678
18424
7140
18422
17647
9493
7172
2660
12717
18809
13176
11105
10270
14731
1408
18349
14530
884
9776
21478
22440
21481
20556
15761
22534
4875
13205
7761
16585
2548
15659
17750
16368
18880
22310
2500
22164
20955
15209
2380
7155
4767
14252
6792
5282
6423
13829
20543
14720
19267
892
4087
4431
19324
11444
10396
4872
8806
6321
22411
9811
11114
14230
18136
20409
1360
4589
4494
8341
12628
4886
12677
15178
17025
2613
15878
9775
5295
16322
7479
2898
8121
4374
15591
13317
4114
3268
6825
19240
14239
18979
7512
9055
1485
7231
22116
17228
2656
6993
235
10402
1094
20629
21681
2487
19014
4903
18171
15936
19710
2251
21810
8212
2241
8843
12126
7469
8784
22616
1929
22388
16153
14617
2317
9872
15040
4664
11839
21002
621
1199
10347
21736
3962
2247
4421
739
6546
15492
10305
3443
14311
20398
3353
4385
7716
14055
1148
19222
20343
7520
8707
696
1943
10505
7353
21794
5960
17646
4752
19546
20267
22931
5153
14908
13776
13272
2016
22784
4577
22837
20489
8126
9843
16490
5719
20798
11779
18226
8583
10421
8579
15275
4018
4573
16347
9100
4062
9777
5945
9000
20720
17366
4140
22506
14163
11198
3606
14108
6702
18045
8593
9715
19809
14449
8684
21763
18321
21147
1963
8267
9266
3904
987
8984
13740
20168
181
19050
13890
17158
4906
21955
7847
16597
5044
19641
110
15975
16175
3957
13503
18170
9047
21844
21492
13103
19412
10313
2114
50
8745
20787
19190
6267
12757
10491
10921
22175
10558
14468
18903
4067
18921
8890
15121
22542
5277
14521
10329
15737
18085
6474
4771
18020
18239
14107
14420
3946
10953
12217
5856
8270
13584
6724
10968
21623
21577
13532
10390
2521
10983
14335
7621
6893
17769
4383
9849
2509
2888
19985
12415
20669
1793
16810
5557
14428
14324
4902
4949
8992
20920
6062
4667
12155
18635
15714
19264
18525
22034
13145
18504
21110
3246
20262
2821
2508
10057
5319
18152
17584
14047
7497
20884
17920
10927
19864
203
21625
6268
753
3326
20138
11075
22451
1346
8846
4102
19951
21538
5110
18696
1538
6657
6852
22333
13603
11969
22171
10802
12019
2649
15400
3283
1523
17679
20251
6446
8431
10237
3648
430
14021
8396
8850
4621
19800
5814
5197
733
14754
7249
10480
21380
2841
8746
22708
5258
23135
13024
19312
2234
12848
2862
22914
3041
18975
17793
20570
9696
1481
5743
20856
17751
412
7198
7049
6774
3618
2252
14012
22779
22266
3584
14496
16611
16698
4040
2
20535
955
16248
3393
20019
1919
9638
5235
3638
7002
7535
17271
10518
2235
1845
14539
2208
15869
12003
10387
13562
6755
12407
20380
17640
15471
8830
4971
1412
9255
19890
3168
7483
9272
16373
936
511
7790
20712
2006
14291
4029
2749
18484
20464
21864
1273
8863
7728
4287
11950
17259
15688
19208
11000
7821
11546
11637
22374
18036
18719
14169
19888
16789
5595
21665
16543
16772
15056
19804
382
6293
9960
21828
4254
15081
6340
18466
7105
16376
16731
5408
10208
14447
17561
13990
14504
18389
6686
10251
14366
16420
13320
20922
14819
1026
20587
21409
2300
16780
1897
13113
3691
17720
3114
7166
3879
20781
7688
21377
9028
18788
20300
19709
8093
1344
9352
19079
82
16734
2877
5647
12805
21575
10131
14801
3503
5031
4038
14591
13140
14502
12760
6064
15122
15670
2166
20008
7159
21306
16362
21491
7428
14305
3649
6436
7677
5776
7119
12078
15013
19511
17329
8957
18338
4233
17820
13139
16211
22902
18495
19369
21924
13552
16491
1281
6649
18985
20373
12290
5769
22775
9105
20100
8006
21176
17236
20110
1689
11665
4698
8428
22932
4689
17177
22519
12803
5187
9336
7748
18157
21438
19437
4996
14507
23054
5380
15077
9733
15392
20652
18697
21004
11644
17546
802
296
16275
8274
8340
5533
22431
21752
20431
19626
16976
1506
10969
10516
22232
11108
17153
15001
19597
9252
8671
9848
1512
7481
18011
1542
14393
10774
9967
10905
3350
17924
1599
8513
4404
5087
13919
22391
1557
17151
7498
14361
14127
12064
18187
1839
14546
14512
7528
15580
20122
20666
19304
14111
2635
6676
19386
10628
19184
14569
11392
14332
1224
10466
22959
2183
7293
1916
3036
14337
2994
7263
16709
20313
11185
16979
3325
22389
22957
8721
3425
12673
23051
14014
10436
8259
5048
15236
2563
13060
5632
22501
1870
1991
6449
22006
9662
2037
9213
15442
5039
7160
4435
13250
13644
17930
5920
447
10304
7387
3206
13237
3683
17197
18974
9897
813
20061
11618
15914
10765
22100
16039
3859
9025
13199
7809
9161
13192
14070
2110
21536
1046
6364
7397
22090
7400
12884
20452
11240
22524
9875
19309
20013
8939
15811
17675
15028
20758
16092
9681
4765
23030
8044
19617
4253
4575
6848
3493
17602
14586
4626
7965
13600
11666
3650
12083
933
13050
13021
10268
21839
21989
6596
18919
20578
2648
22055
15267
20810
4199
1709
3209
83
3796
21165
16462
13265
6480
5438
5866
7092
21896
14368
14979
11433
19422
13751
21865
14841
5652
17581
3508
16399
9084
16164
13717
22450
20236
14960
13072
4992
14408
22530
14386
3858
17699
7558
20506
6008
8887
5291
8601
16665
1951
15302
870
20275
17858
19137
616
16847
16237
14328
13864
12976
402
13004
12948
10951
9205
10655
683
9405
14297
10103
13982
182
3376
7499
435
13228
3222
5221
886
16176
21970
13058
9289
20820
19372
21717
9257
17918
1747
2737
12448
7605
5927
18265
2883
9468
21549
2408
21450
18426
5474
20117
18002
3369
543
15354
7596
3444
9896
18457
8610
10134
1753
16094
22231
5972
13231
20410
21140
325
15520
18590
11488
6865
13996
19486
16616
13847
13868
19900
4249
6221
15967
16708
14360
339
17129
10974
6445
13923
5697
15006
18849
13330
14727
11949
22622
5311
13840
3669
14234
14509
20112
3760
9021
5887
6586
15984
3900
11332
21503
10056
18577
7472
10772
19916
15699
17516
8630
278
16827
22190
8331
9306
2072
19551
5667
22424
1087
19217
18565
3024
17789
13902
14103
13978
5739
2715
9082
2887
10971
826
18029
9323
1842
5251
17373
22592
6671
22490
22745
13117
22986
303
4068
21807
12879
4894
12741
7
17792
18181
16335
20674
6619
8075
8077
1905
18811
15298
11015
17430
12853
16325
14483
13039
19513
20782
14146
18632
14947
20393
9232
6639
6145
6820
22167
18199
12812
8303
11901
20664
21246
9552
14580
4624
17811
22543
7860
8538
16577
14106
22640
20010
13124
3048
19728
5483
15611
11621
438
12336
16582
16614
6201
13882
1554
21093
12237
3055
20831
20212
19744
4465
12050
587
1783
16843
21564
11893
16287
2524
13071
2422
17172
19643
12046
16704
6392
22078
13960
8446
13028
15338
5701
4147
21650
19928
12984
17868
15205
14099
2727
15797
11251
14568
22428
21517
18792
674
17948
14116
4365
18827
981
5629
8464
17652
14456
9479
11375
7836
14729
17799
17638
5435
9386
12
8932
19
11410
15314
2486
8356
15638
13452
14442
17201
17453
10594
21668
17508
5551
16764
4130
17505
23005
1611
509
19100
3694
21995
11237
21344
10495
14833
8798
8076
3674
8576
22560
20090
19998
16233
15347
5918
23042
903
22948
7925
10487
7462
18434
3894
21312
12985
21590
4458
21238
1527
10517
11535
4881
22897
16545
12792
20538
13346
11634
3432
4563
9225
14042
14745
3848
11845
15957
14195
10209
14559
4103
18271
5492
12147
11348
10718
1526
605
12972
20456
623
13296
9809
21480
23151
13927
14425
17763
7781
23094
9737
3358
12893
19774
16923
13735
6632
8652
209
949
3956
11578
6486
19294
6985
11581
23029
8420
1757
4602
10013
8362
17297
12466
15166
21762
10784
23027
1254
13637
13863
11290
6411
5324
2892
9251
14578
9903
6286
3107
6482
8891
13546
1704
14664
17028
11379
12742
7579
19678
18337
21803
12467
15346
9888
19291
6929
3137
13848
12518
21986
6580
4359
17764
9861
1507
11655
19066
10700
9531
19114
10212
7519
16438
11156
9231
14132
3127
22467
7833
5645
9820
1524
20754
8572
18745
19307
604
10336
4957
11007
20839
2494
10360
1122
10867
2583
12960
13421
16193
4403
10511
18544
7990
20656
21291
20807
7298
1804
17538
12150
23076
20209
6104
21160
14273
7737
7199
22654
6456
15487
14705
21445
21477
9298
3512
22744
5232
22386
3420
14951
2402
893
16460
1708
7104
20632
10196
15850
12346
21197
16096
13339
5046
17741
6329
6887
3554
22400
13287
3229
16483
19990
18542
20255
11367
531
20746
7730
8860
18304
21321
3629
13639
19812
11953
23127
22160
8969
7087
20879
8958
22473
8553
19777
13815
21884
10707
17290
19498
1404
16401
15616
20291
18522
11516
4439
9731
6969
5315
9598
16448
13321
8269
4855
20333
5556
17143
12360
3158
6381
7493
20956
381
10610
2098
16906
19094
7755
15324
7137
19327
1395
5335
22064
10615
21655
23133
21355
10223
20044
2850
144
18058
230
15030
2231
3526
1499
21310
17313
8345
9851
13910
17993
16625
8841
3165
22605
4603
8364
19743
1100
14371
15962
17152
6051
338
2078
14598
15349
4447
7371
143
7427
13048
7772
17135
1900
3794
17461
18038
22532
3872
11291
5826
17625
22668
17279
15837
9179
1852
19945
17432
499
6633
14818
18581
21999
6059
3355
1913
11356
11478
11617
772
12886
17836
21001
15352
720
18341
20962
21628
11858
2555
13006
20180
10151
6555
8326
17340
9617
17873
15295
18366
2968
4842
18182
5916
23095
3331
3564
12468
6833
922
22781
22047
17133
11194
15464
585
22153
12862
6526
8409
13775
4406
11770
2825
793
15038
2447
9138
13344
1720
21959
13331
608
4666
21367
9056
6073
12369
20618
2497
21926
13034
3427
16768
3744
10048
5545
4812
9371
22531
7705
4021
5287
11497
5634
2936
8231
16742
7071
4775
17514
18980
21154
16416
13942
204
8168
7813
850
10567
5570
13880
15836
5358
2290
18910
15524
18939
19340
21841
18766
6469
3319
5361
16206
10955
22995
12433
14780
6193
12560
262
1620
5431
21869
20845
8886
13925
14156
14893
7561
749
18497
8318
18188
18375
17331
16579
17731
7674
16155
1033
9478
18477
15155
7125
5092
12074
1642
17579
5146
18885
17704
8561
21552
937
4515
19673
14131
7455
2874
9062
8129
3473
1739
20975
10095
13979
12143
12330
11431
21014
14612
10882
21603
17017
15871
19200
18445
3871
11579
12517
11958
17962
21341
6849
12285
18259
8375
21599
7810
22404
22759
3386
13930
3396
1930
22954
11936
13208
20137
17238
15222
17419
222
5724
10287
2345
7113
17857
18463
2314
21045
10676
20243
8659
11013
17162
7010
16718
18647
15590
8290
1601
7301
15054
13294
16761
12654
22420
21184
20522
8900
12986
21548
22618
21522
6248
8859
21846
11608
6947
17542
15872
512
7495
9081
22037
10560
22895
22794
3901
12551
14902
1294
3705
6600
2052
1183
10807
475
10476
8603
10839
14769
9923
11884
18292
5414
20146
1546
4848
17936
3457
14174
2831
22180
21761
20229
22636
16816
1341
19211
21748
20617
8936
7013
15177
10910
10814
10483
22824
22280
13666
22863
6068
3069
8314
2674
4462
838
7571
14885
12684
17600
14642
2238
9258
15754
13432
7691
21733
17768
15180
14105
20293
13645
15053
15060
22993
19895
10254
6060
10352
8788
13093
14357
16535
6674
1275
19469
9338
15105
20065
21532
3212
11902
4192
8454
10708
6205
3351
22012
21758
18183
11934
21225
13200
11631
12725
3054
4877
5144
20902
3982
12125
1594
20306
16330
12988
1777
16184
11753
17034
10633
16218
12072
12705
8403
21340
7055
13711
13371
14204
9119
12023
1243
945
719
6806
1080
8663
18685
14739
5394
84
13299
11887
22504
4277
9805
10805
10657
14489
8306
8377
13885
4005
17254
10378
18927
11987
2025
7627
1069
14594
770
21647
5524
20969
14085
7069
3255
10432
12230
5497
9027
1925
19376
22433
17922
19716
1331
5226
624
2392
1206
20799
1865
11098
2842
2359
15707
18742
19193
14953
9780
7832
12937
946
20303
8165
17544
21352
11646
11763
7390
16331
2346
1114
20495
18675
15512
17065
4456
7260
14040
3887
10966
16064
12173
19602
20134
3510
18840
15319
10571
18771
3801
3304
23016
1082
12257
20780
20881
8268
22142
4548
241
98
4958
22173
14411
3670
16189
16106
15773
17186
16293
9036
8646
10288
612
22407
13020
17185
13896
8166
19819
1453
5499
10561
17957
4423
2595
2303
16091
22226
6988
2484
17790
10761
10170
8088
7001
10803
22224
2038
2105
18554
827
3788
4235
19119
14641
7448
15814
12850
4968
479
10957
10154
5020
13049
5017
15955
18115
14491
12151
16922
775
21707
19153
2650
15977
745
16983
941
2665
16798
1364
7559
6992
8243
8546
13981
13372
16896
22916
14272
16142
2128
22159
3000
14566
12528
13426
4836
20907
2676
18468
9214
13794
5750
17864
11530
12210
21170
14855
11562
13536
17870
21479
13227
167
17166
18623
14219
4209
12256
4987
12668
3881
10227
11795
5978
17732
10084
10816
9495
13449
1541
22909
22844
5625
1650
13270
5309
9148
6732
8989
3784
22227
4357
18499
15764
17364
16898
20745
9700
19642
21771
8637
8801
7529
6015
11834
19543
15742
19466
5520
16145
22878
6155
13941
15665
16902
4162
10428
7724
13669
22021
22466
16442
11805
20768
11170
6055
5091
4455
9012
932
21612
9102
5590
3690
7112
14647
20619
17306
15133
4978
20478
2473
2566
5527
8996
9207
5488
13282
6206
6262
21534
18567
8103
21104
10205
15564
22502
12751
12791
20297
5072
14376
5683
1333
1451
7126
19987
3314
8751
16472
4136
13492
13469
21768
11333
23148
15181
15328
21678
3770
20736
12766
16159
18423
2094
1214
22864
6964
20995
22971
13757
9725
7309
7647
12302
11735
15424
6570
11822
15999
16954
10006
19452
14406
17050
17891
16187
9270
2451
1910
5702
11319
6355
20152
11094
11862
1018
3862
20038
2858
5356
18693
19055
17114
15096
689
11757
3128
7389
9375
20179
15406
16429
16511
9299
3631
2860
15309
16808
19509
7926
18407
13096
9103
20515
20080
9540
10370
10741
4131
15976
19431
18503
727
3711
9281
15923
14657
20701
6318
18158
123
1053
2846
3413
10275
16197
22613
19788
17758
4535
10819
5412
4572
8054
2806
15529
13903
9752
58
13615
17536
10173
15224
6477
14589
9123
4481
14071
3180
4198
12852
4709
5955
13920
22630
9024
20336
10214
15883
22989
11414
19752
19679
11490
20791
19472
12512
4477
1137
9014
21874
13236
10155
4024
8976
4869
15425
6720
10673
10834
20359
1185
1595
6569
15321
6022
20672
4691
21766
1796
6761
3689
3975
21811
14028
3747
1282
17471
6644
3264
6573
4685
3236
22790
4350
7033
22926
14695
277
16991
10769
3140
10954
1359
8209
22277
13238
3317
11856
10945
8608
17767
19411
13822
2076
20661
13872
3809
13995
99
16112
11940
2446
6804
8229
12832
9755
14407
1124
11639
11422
10510
427
20194
11381
9496
6196
5280
14381
21117
11130
12133
537
8051
15798
19401
15214
1222
4955
17934
1630
4324
10439
14387
20239
21698
23084
11773
18614
67
3384
9885
927
5530
7872
9130
15138
9490
711
2840
1573
6765
306
21035
18832
20601
20073
482
8047
2081
10908
18200
3008
19228
19644
7777
13764
7107
6616
10847
13806
2699
21131
8555
1933
1431
594
961
7824
8307
7757
16947
3816
19227
5627
11093
10098
7195
16418
11877
926
19113
14638
21755
528
16306
18478
20693
17510
14932
13439
9190
15114
2761
7487
11576
969
5350
10130
395
8272
9611
4830
20031
19444
21849
13899
20501
6024
17294
10238
10773
3701
5123
22701
2931
11146
3294
17431
3336
15527
2543
13799
6627
13443
22322
8907
14741
21557
9080
17879
2103
8952
12990
10272
8439
8971
20483
6629
16288
19944
17746
4011
6238
21719
9891
4388
21227
16815
19512
2602
17968
9966
20542
11758
4959
6083
6618
15083
12761
17721
21983
3101
20232
21495
20743
1970
8016
6389
533
20115
9533
13428
17251
8488
15191
3019
7918
22680
10321
13377
15458
12704
12032
14768
7485
9043
17089
3391
8656
10777
22089
22597
6904
11033
2621
18116
16951
6299
11159
10995
19202
7434
14161
21821
12109
10225
14176
19482
15144
12498
22840
21000
18039
6326
20764
6099
4
16171
3486
6784
4777
21765
11928
15011
12436
22075
21759
2467
14024
7618
6132
13391
14825
7515
1311
5028
17207
13408
12811
10332
5481
21454
18131
2227
7999
21958
12196
3569
3964
8665
1241
17852
8953
13964
20133
4300
11788
8177
17631
17761
7377
5082
2233
15493
14450
19786
9714
3950
20927
11230
9553
6034
10710
6959
6895
17710
6952
20502
3741
11920
5853
3097
19003
17786
2404
5693
5037
6038
6425
5465
4774
3193
14552
8308
14854
4714
4738
19675
6370
2658
1780
10323
21359
422
9454
1132
4582
23044
21876
6495
7027
2718
10538
7852
16150
18238
7771
21125
14066
11609
3756
18657
17691
9176
21861
7266
18904
9882
15986
2401
18313
4749
6754
5475
14634
16134
11416
16108
13950
1324
19979
3999
12641
7687
6472
7205
19540
16041
5052
11466
2847
19866
19654
8631
2095
11052
10222
547
17735
9824
19019
15583
5151
316
7964
9784
1186
11943
1904
4609
10556
12424
8505
11242
21335
21210
7591
23102
11602
1208
7116
9835
20741
14671
2712
10727
19883
68
11477
6195
6142
13274
7179
11462
22736
3027
1120
9369
3511
15259
20688
5789
16268
17770
5759
7850
5433
13575
3918
8771
7361
21211
9120
16168
8138
4119
7856
1229
21077
7212
21784
22573
17399
6856
15822
17973
13005
11721
312
12284
9315
6101
10845
12563
3599
9397
9218
17611
10671
15067
7173
10266
13366
18339
13141
5639
5470
17458
21850
5411
15516
13946
16875
5936
1776
21907
18887
3259
37
7550
9267
22170
11155
11196
2879
14378
16251
14385
12538
10977
12723
16690
8913
6440
10739
9050
5440
6791
1323
22791
13363
6316
2594
4187
11710
14549
14493
14206
10613
13937
15845
218
3478
18669
8113
14905
4864
18908
6212
2519
23012
2643
3025
3992
20503
12088
20352
3842
6348
14853
4653
10331
13531
2265
8536
13713
2388
15743
2047
4066
7841
20376
8159
21626
12273
10203
8819
22801
7152
2369
9943
21127
10537
16588
8848
8125
21419
5908
14333
2628
16561
12896
12530
3169
20172
19470
2624
20360
11640
4355
19584
9844
13471
13054
20003
11151
15543
17142
18488
14076
1421
14978
710
5410
10617
11417
22810
18189
12692
6647
20142
7849
6330
20937
18507
11973
879
1038
13745
20655
18392
21468
4985
18649
6463
9133
4408
5589
4161
4944
17078
13110
13109
3509
11542
5060
13092
1022
18997
2581
2362
13306
3552
8501
20309
5009
4017
16423
20028
1201
21895
18678
11341
21109
9810
11720
5161
9206
5726
9584
21764
20938
22641
8972
19680
1662
18912
14557
3831
1968
795
8369
4492
3303
4419
7929
1801
13399
19364
361
641
15211
14401
1954
19842
8520
7312
16279
21882
18907
14928
9475
19455
6240
17642
8716
11235
5982
22887
13359
7553
11914
16944
20241
20443
20841
18400
11910
22705
10791
1921
12662
8405
17641
22452
16342
26
14097
12981
8690
18319
2687
5227
1807
8734
6225
20719
2856
18702
3977
22178
20418
5695
5078
17718
9497
762
17350
10037
11086
9929
20147
1320
22092
5293
21403
22544
10191
2474
21847
1210
9456
8097
3076
10498
4263
16667
16078
12156
6127
1896
16192
20169
19682
12291
4149
22326
16749
10754
10226
16984
16353
2599
11047
23106
10071
9370
5128
11263
12696
20722
10461
21200
6917
6095
20329
22146
22884
18537
21399
4080
12388
21705
3150
22254
2510
3590
21848
14925
157
10793
8277
3592
20942
22255
12656
14359
22188
22304
9588
8232
21214
2533
11954
11866
5668
14990
2043
1514
7544
14600
6990
6690
1671
5672
8214
3844
800
7156
17486
13574
6428
9565
18665
9222
14756
18549
20984
15483
17439
9410
22746
21636
6069
3939
2471
11761
18735
6997
11513
13186
12931
18884
6253
9902
9003
15660
16547
21633
14604
19148
10939
19545
19450
652
3530
15323
11112
19430
3891
10310
7036
10001
502
3580
8247
16397
20994
12413
21259
62
18306
14467
12561
7502
8942
18443
14972
779
17481
2014
5111
6498
17416
15254
14656
4153
18419
244
291
7225
14129
4176
5819
13909
17252
11346
3356
14431
19918
10206
22305
19396
19410
12293
9994
2442
12920
2264
9583
3538
13178
16327
15602
14613
21672
1322
9131
2361
1381
12492
8789
2246
276
13659
12163
20095
11349
9652
19261
11483
19989
12358
14683
17459
4536
18166
20539
10389
5220
11695
8024
8816
1898
23022
6297
463
20958
16675
18117
22666
16029
5732
22394
3899
8412
17396
9203
18241
2823
10597
9248
12182
5792
17406
15703
7935
19145
22710
7912
18841
15154
8718
13924
8730
13156
3680
18240
21638
21057
6530
14867
20575
1937
4151
6666
15255
19353
256
2730
14458
15419
13212
2349
3271
19585
18398
4369
599
5084
14592
3495
16023
12077
19559
14804
8903
17715
22435
7115
18123
17107
16673
18091
16518
6244
6731
11360
2795
14443
21842
19355
13362
13549
16019
18098
15149
18676
21722
16534
18608
1475
17160
8407
17832
19314
1458
12367
14140
336
10840
19220
4510
8901
41
22793
14644
18681
22358
11734
3329
7897
9898
9688
4336
21051
5868
18320
19447
19239
14173
22377
2532
3974
9721
3714
5779
11232
4505
1984
17286
6708
35
19683
10083
17055
249
21912
9601
15965
3488
16124
20788
6797
20659
1490
19176
11269
977
13851
12947
7973
3321
11567
18787
9697
4981
2167
1858
22383
6751
22469
7501
5832
9461
6880
9199
21894
22429
7861
21858
14717
18205
20253
14402
19798
10771
5203
12579
300
3385
14858
3016
2703
14877
17007
11948
3874
21770
17665
5198
6935
11740
